SN           H        Herr    K        Kerr     Spit   M1m    M1     M1p    M2m    M2     M2p
SN2004dt     10.430   0.035   10.154   0.050    -1.000 -1.00  -1.00  -1.00  10.73  10.84  10.93
SN2004ef     11.253   0.061   10.877   0.092    -1.000 -1.00  -1.00  -1.00  -1.00  -1.00  -1.00
SN2004eo      9.071   0.025    8.739   0.026    -1.000 11.05  11.17  11.40  -1.00  -1.00  -1.00
SN2004ey     11.537   0.076   11.451   0.117    -1.000 -1.00  -1.00  -1.00  10.19  10.30  10.44
SN2004gc     12.041   0.066   11.897   0.069    -1.000 -1.00  -1.00  -1.00  -1.00  -1.00  -1.00
SN2004gs     11.382   0.035   11.039   0.049    -1.000 -1.00  -1.00  -1.00  10.84  10.93  11.00
SN2004gu     13.395   0.114   13.013   0.164    -1.000 -1.00  -1.00  -1.00  10.35  10.43  10.50
SN2005A       9.105   0.015    8.800   0.020    -1.000 -1.00  -1.00  -1.00  -1.00  -1.00  -1.00
SN2005M      12.439   0.085   11.985   0.085    -1.000 -1.00  -1.00  -1.00   8.40   8.40   8.40
SN2005W       8.993   0.022    8.822   0.038    10.754 -1.00  -1.00  -1.00  -1.00  -1.00  -1.00
SN2005ag     12.013   0.048   11.761   0.060    -1.000 -1.00  -1.00  -1.00  10.70  10.77  10.82
SN2005al      9.743   0.026    9.511   0.029    10.876 -1.00  -1.00  -1.00  -1.00  -1.00  -1.00
SN2005am      8.321   0.010    7.976   0.015    -1.000 11.28  11.51  11.71  -1.00  -1.00  -1.00
SN2005be     12.013   0.048   11.761   0.060    -1.000 -1.00  -1.00  -1.00  10.71  10.79  10.84
SN2005bg     12.331   0.058   12.037   0.075    -1.000 -1.00  -1.00  -1.00  10.03  10.12  10.21
SN2005bl     10.011   0.021    9.747   0.028    -1.000 -1.00  -1.00  -1.00  11.15  11.25  11.32
SN2005bo     10.521   0.035   10.140   0.050    -1.000 -1.00  -1.00  -1.00  -1.00  -1.00  -1.00
SN2005el      9.543   0.030    9.227   0.031    -1.000 -1.00  -1.00  -1.00  -1.00  -1.00  -1.00
SN2005eq     11.100   0.040   10.803   0.062    -1.000 10.51  10.58  10.77  10.87  10.98  11.08
SN2005hc     12.385   0.081   11.989   0.113    -1.000 10.45  10.54  10.77  10.73  10.81  10.88
SN2005hj     -1.000   0.000   -1.000   0.000    -1.000 -1.00  -1.00  -1.00   9.57   9.66   9.76
SN2005iq     11.773   0.042   11.749   0.063    -1.000 10.17  10.34  10.95  -1.00  -1.00  -1.00
SN2005ir     -1.000   0.000   -1.000   0.000    -1.000 10.06  10.15  10.20  10.13  10.23  10.33
SN2005kc      9.198   0.012    8.937   0.015    -1.000 10.84  10.97  11.09  -1.00  -1.00  -1.00
SN2005ke      7.914   0.029    7.630   0.039    -1.000 10.79  10.90  11.02  -1.00  -1.00  -1.00
SN2005ki      9.722   0.028    9.374   0.039    -1.000 11.11  11.15  11.51  11.07  11.18  11.24
SN2005ku     13.920   0.140   13.663   0.158    -1.000 -1.00  -1.00  -1.00   9.74   9.83   9.93
SN2005lu     12.442   0.061   12.010   0.071    -1.000 -1.00  -1.00  -1.00  -1.00  -1.00  -1.00
SN2005mc     10.802   0.026   10.659   0.033    -1.000 10.86  10.95  11.06  10.90  10.99  11.07
SN2005na     10.322   0.026   10.082   0.037    -1.000 -1.00  -1.00  -1.00  -1.00  -1.00  -1.00
SN2006D      10.792   0.031   10.496   0.048    -1.000 -1.00  -1.00  -1.00  -1.00  -1.00  -1.00
SN2006X       6.817   0.035    6.589   0.041    -1.000 10.74  10.81  11.09  -1.00  -1.00  -1.00
SN2006ax     10.022   0.037    9.894   0.068    -1.000 10.04  10.81  11.21  -1.00  -1.00  -1.00
SN2006bd     10.615   0.033   10.319   0.048    -1.000 -1.00  -1.00  -1.00  -1.00  -1.00  -1.00
SN2006bh      9.114   0.020    8.873   0.031    -1.000 -1.00  -1.00  -1.00  -1.00  -1.00  -1.00
SN2006br     10.564   0.034   10.236   0.037    -1.000 10.89  10.94  11.06  11.08  11.15  11.23
SN2006dd      5.872   0.018    5.587   0.019    -1.000 -1.00  -1.00  -1.00  -1.00  -1.00  -1.00
SN2006ef     10.716   0.023   10.597   0.035    -1.000 10.66  10.70  10.78  10.65  10.72  10.80
SN2006ej     -1.000   0.000   -1.000   0.000    -1.000 10.76  11.00  11.02  10.71  10.78  10.87
SN2006eq     13.616   0.128   13.349   0.158    -1.000 -1.00  -1.00  -1.00  10.30  10.39  10.46
SN2006et     10.263   0.020    9.874   0.021    -1.000 -1.00  -1.00  -1.00  -1.00  -1.00  -1.00
SN2006ev     10.715   0.031   10.328   0.034    -1.000 -1.00  -1.00  -1.00  -1.00  -1.00  -1.00
SN2006fw     -1.000   0.000   -1.000   0.000    -1.000 -1.00  -1.00  -1.00  -1.00  -1.00  -1.00
SN2006gj     11.384   0.055   11.050   0.056    -1.000 10.66  11.96  12.33  -1.00  -1.00  -1.00
SN2006gt     13.949   0.175   13.502   0.207    -1.000 -1.00  -1.00  -1.00  -1.00  -1.00  -1.00
SN2006hb     10.533   0.032   10.268   0.046    -1.000 10.64  10.95  11.14  -1.00  -1.00  -1.00
SN2006hx     12.987   0.088   12.752   0.098    -1.000 -1.00  -1.00  -1.00  10.37  10.46  10.54
SN2006is     -1.000   0.000   -1.000   0.000    -1.000 -1.00  -1.00  -1.00  -1.00  -1.00  -1.00
SN2006kf     10.343   0.029   10.046   0.025    -1.000 10.73  10.97  11.06  -1.00  -1.00  -1.00
SN2006lu     13.425   0.146   13.166   0.190    -1.000 -1.00  -1.00  -1.00  -1.00  -1.00  -1.00
SN2006mr      5.872   0.018    5.587   0.019    -1.000 -1.00  -1.00  -1.00  -1.00  -1.00  -1.00
SN2006ob     11.543   0.050   11.461   0.059    -1.000 11.20  11.25  11.34  11.37  11.46  11.52
SN2006os     11.084   0.036   10.682   0.041    -1.000 10.66  11.59  12.43  -1.00  -1.00  -1.00
SN2006py     -1.000   0.000   -1.000   0.000    -1.000 -1.00  -1.00  -1.00  10.00  10.09  10.16
SN2007A      10.638   0.034   10.363   0.040    -1.000 -1.00  -1.00  -1.00  -1.00  -1.00  -1.00
SN2007N      10.998   0.052   10.713   0.078    -1.000 -1.00  -1.00  -1.00  -1.00  -1.00  -1.00
SN2007S      11.571   0.050   11.338   0.073    -1.000  9.52   9.88  10.09   9.83   9.93  10.03
SN2007af     10.046   0.023    9.949   0.067    10.248  9.69   9.82   9.87   9.39   9.49   9.59
SN2007ai     10.915   0.037   10.512   0.055    -1.000 -1.00  -1.00  -1.00  -1.00  -1.00  -1.00
SN2007al     12.545   0.065   12.342   0.106    -1.000 -1.00  -1.00  -1.00  -1.00  -1.00  -1.00
SN2007as     11.061   0.035   11.022   0.062    -1.000 -1.00  -1.00  -1.00  -1.00  -1.00  -1.00
SN2007ax      9.329   0.014    9.054   0.017    -1.000 -1.00  -1.00  -1.00  -1.00  -1.00  -1.00
SN2007ba     10.951   0.040   10.652   0.051    -1.000 -1.00  -1.00  -1.00  -1.00  -1.00  -1.00
SN2007bc     10.410   0.030   10.114   0.039    -1.000 10.66  10.76  10.96  10.88  10.97  11.04
SN2007bd     11.354   0.075   10.924   0.083    -1.000 10.61  10.76  10.90  -1.00  -1.00  -1.00
SN2007bm      8.562   0.011    8.266   0.013    -1.000 10.04  10.23  10.34  -1.00  -1.00  -1.00
SN2007ca     11.907   0.054   11.578   0.083    -1.000 -1.00  -1.00  -1.00  -1.00  -1.00  -1.00
SN2007cg     11.971   0.045   11.686   0.067    -1.000 10.13  10.76  11.35  -1.00  -1.00  -1.00
SN2007hj     10.396   0.027   10.066   0.035    -1.000 -1.00  -1.00  -1.00  -1.00  -1.00  -1.00
SN2007jh     11.409   0.039   11.059   0.056    -1.000 -1.00  -1.00  -1.00  11.11  11.19  11.25
SN2007hx     -1.000   0.000   -1.000   0.000    -1.000 -1.00  -1.00  -1.00  10.65  10.77  10.87
SN2007jd     -1.000   0.000   -1.000   0.000    -1.000 -1.00  -1.00  -1.00  10.08  10.17  10.26
SN2007jg     -1.000   0.000   -1.000   0.000    -1.000 -1.00  -1.00  -1.00   8.95   9.04   9.14
SN2007le      8.878   0.019    8.682   0.032    10.348 -1.00  -1.00  -1.00  -1.00  -1.00  -1.00
SN2007mm     -1.000   0.000   -1.000   0.000    -1.000 -1.00  -1.00  -1.00  11.23  11.32  11.38
SN2007nq     11.040   0.040   10.549   0.058    -1.000 -1.00  -1.00  -1.00  -1.00  -1.00  -1.00
SN2007ol     13.732   0.150   13.525   0.210    -1.000 -1.00  -1.00  -1.00  10.37  10.45  10.53
SN2007on      7.086   0.018    6.820   0.021    -1.000 -1.00  -1.00  -1.00  -1.00  -1.00  -1.00
SN2007so     10.582   0.028   10.247   0.043    -1.000 -1.00  -1.00  -1.00  -1.00  -1.00  -1.00
SN2007st      9.683   0.021    9.351   0.031    -1.000 -1.00  -1.00  -1.00  -1.00  -1.00  -1.00
SN2007ux     12.417   0.067   12.592   0.084    -1.000 -1.00  -1.00  -1.00  10.44  10.52  10.57
SN2008C      10.775   0.026   10.471   0.030    -1.000 -1.00  -1.00  -1.00  -1.00  -1.00  -1.00
SN2008O       9.791   0.031    9.498   0.037    -1.000 -1.00  -1.00  -1.00  -1.00  -1.00  -1.00
SN2008R       8.849   0.022    8.584   0.028    -1.000 -1.00  -1.00  -1.00  -1.00  -1.00  -1.00
SN2008ar     12.178   0.076   11.925   0.112    -1.000 -1.00  -1.00  -1.00  10.35  10.43  10.51
SN2008bc     11.658   0.045   11.412   0.071    -1.000 -1.00  -1.00  -1.00  -1.00  -1.00  -1.00
SN2008bd     10.292   0.035    9.952   0.035    -1.000 -1.00  -1.00  -1.00  -1.00  -1.00  -1.00
SN2008bf     -1.000   0.000   -1.000   0.000    -1.000 11.11  11.39  11.42  11.10  11.16  11.26
SN2008bi      9.362   0.054    9.076   0.075    -1.000 -1.00  -1.00  -1.00  -1.00  -1.00  -1.00
SN2008bq     10.924   0.035   10.591   0.057    -1.000 -1.00  -1.00  -1.00  -1.00  -1.00  -1.00
SN2008bt      9.630   0.016    9.354   0.028    -1.000 -1.00  -1.00  -1.00  -1.00  -1.00  -1.00
SN2008bz     13.285   0.116   12.983   0.159    -1.000 -1.00  -1.00  -1.00  10.66  10.75  10.84
SN2008cc      9.413   0.026    9.109   0.027    -1.000 -1.00  -1.00  -1.00  -1.00  -1.00  -1.00
SN2008cf     -1.000   0.000   -1.000   0.000    -1.000 -1.00  -1.00  -1.00  -1.00  -1.00  -1.00
SN2008cd      8.587   0.010    8.362   0.034    -1.000 -1.00  -1.00  -1.00  -1.00  -1.00  -1.00
SN2008ff     10.393   0.018   10.067   0.025    -1.000 -1.00  -1.00  -1.00  -1.00  -1.00  -1.00
SN2008fl      9.842   0.025    9.484   0.028    -1.000 -1.00  -1.00  -1.00  -1.00  -1.00  -1.00
SN2008fr     -1.000   0.000   -1.000   0.000    -1.000 -1.00  -1.00  -1.00  -1.00  -1.00  -1.00
SN2008fp      9.053   0.013    8.768   0.023    -1.000 -1.00  -1.00  -1.00  -1.00  -1.00  -1.00
SN2008fu     12.370   0.093   11.859   0.121    -1.000 -1.00  -1.00  -1.00  -1.00  -1.00  -1.00
SN2008fw      6.801   0.024    6.598   0.036    -1.000 -1.00  -1.00  -1.00  -1.00  -1.00  -1.00
SN2008gg     11.521   0.063   11.273   0.078    -1.000 -1.00  -1.00  -1.00  -1.00  -1.00  -1.00
SN2008gl     11.053   0.053   10.693   0.059    -1.000 -1.00  -1.00  -1.00  -1.00  -1.00  -1.00
SN2008go     12.629   0.123   11.957   0.105    -1.000 -1.00  -1.00  -1.00  -1.00  -1.00  -1.00
SN2008gp     11.380   0.059   10.998   0.064    -1.000 -1.00  -1.00  -1.00  -1.00  -1.00  -1.00
SN2008hj     12.761   0.087   12.564   0.132    -1.000 -1.00  -1.00  -1.00   9.45   9.51   9.59
SN2008hu     11.232   0.074   10.851   0.084    -1.000 -1.00  -1.00  -1.00  -1.00  -1.00  -1.00
SN2008hv      9.480   0.019    9.215   0.029    -1.000 -1.00  -1.00  -1.00  10.69  10.77  10.85
SN2008ia     10.235   0.026    9.948   0.035    -1.000 -1.00  -1.00  -1.00  -1.00  -1.00  -1.00
SN2009D      11.521   0.051   11.222   0.068    -1.000 -1.00  -1.00  -1.00  -1.00  -1.00  -1.00
SN2009F       9.658   0.018    9.385   0.024    -1.000 -1.00  -1.00  -1.00  -1.00  -1.00  -1.00
SN2009I      11.155   0.036   10.852   0.054    -1.000 -1.00  -1.00  -1.00  -1.00  -1.00  -1.00
SN2009P      12.852   0.085   12.532   0.085    -1.000 -1.00  -1.00  -1.00  -1.00  -1.00  -1.00
SN2009Y       8.483   0.020    8.171   0.025    10.849 -1.00  -1.00  -1.00  -1.00  -1.00  -1.00
SN2009aa     -1.000   0.000   -1.000   0.000    -1.000 -1.00  -1.00  -1.00  -1.00  -1.00  -1.00
SN2009ab      9.876   0.035    9.581   0.050    -1.000 -1.00  -1.00  -1.00  -1.00  -1.00  -1.00
SN2009ad     11.590   0.046   11.275   0.049    -1.000 -1.00  -1.00  -1.00  -1.00  -1.00  -1.00
SN2009ag      9.488   0.019    9.224   0.032    -1.000 -1.00  -1.00  -1.00  -1.00  -1.00  -1.00
SN2009al     10.656   0.026   10.526   0.044    -1.000 -1.00  -1.00  -1.00  -1.00  -1.00  -1.00
SN2009al     -1.000   0.000   -1.000   0.000    -1.000 -1.00  -1.00  -1.00  10.85  10.97  11.10
SN2009cz     -1.000   0.000   -1.000   0.000    -1.000 -1.00  -1.00  -1.00  10.85  10.97  11.10
SN2009dc     10.883   0.027   10.663   0.030    -1.000 -1.00  -1.00  -1.00  10.76  10.83  10.92
SN2009ds     10.251   0.040    9.884   0.068    -1.000 -1.00  -1.00  -1.00  -1.00  -1.00  -1.00
SN2009le      9.883   0.019    9.582   0.023    -1.000 -1.00  -1.00  -1.00  -1.00  -1.00  -1.00
SN1981B       7.879   0.026    7.516   0.034    -1.000 10.42  10.47  10.68  -1.00  -1.00  -1.00
SN1990N       9.034   0.020    8.805   0.024    -1.000 10.07  10.14  10.24  -1.00  -1.00  -1.00
SN1994ae      9.667   0.023    9.426   0.030    -1.000  9.55   9.69   9.83  -1.00  -1.00  -1.00
SN1995al      9.463   0.012    9.178   0.015    -1.000  9.76   9.87   9.97  -1.00  -1.00  -1.00
SN1998aq      9.083   0.016    8.850   0.020    -1.000  9.86  10.02  10.10   9.60   9.71   9.80
SN2001el      7.944   0.020    7.660   0.026    -1.000 10.22  10.69  10.73  -1.00  -1.00  -1.00
SN2002fk      9.379   0.020    9.102   0.029    -1.000  9.78   9.94  10.64  -1.00  -1.00  -1.00
SN2003du     -1.000  -1.000   -1.000  -1.000    -1.000  8.47   8.60   8.74   7.87   7.88   7.88
SN2005cf     10.920   0.035   10.773   0.054     9.684 -1.00  -1.00  -1.00  -1.00  -1.00  -1.00
SN2007sr      7.399   0.019    7.177   0.024    -1.000  9.85  10.05  10.17  -1.00  -1.00  -1.00
SN2009ig      9.671   0.024    9.345   0.032    10.392 -1.00  -1.00  -1.00  -1.00  -1.00  -1.00
SN2011fe      5.805   0.042    5.512   0.050    -1.000 -1.00  -1.00  -1.00  -1.00  -1.00  -1.00
SN2011by      9.829   0.015    9.637   0.020     9.877 -1.00  -1.00  -1.00   9.13   9.28   9.36
SN2012cg      9.268   0.028    9.091   0.043     9.929 -1.00  -1.00  -1.00  -1.00  -1.00  -1.00
SN2012fr      6.737   0.031    6.373   0.036    10.978 -1.00  -1.00  -1.00  -1.00  -1.00  -1.00
SN2012ht     -1.000  -1.000   -1.000  -1.000    -1.000 -1.00  -1.00  -1.00   7.99   8.06   8.19
SN2013dy     10.578   0.041   10.248   0.052    -1.000 -1.00  -1.00  -1.00  -1.00  -1.00  -1.00
SN2015F       7.212   0.032    6.869   0.038    -1.000 -1.00  -1.00  -1.00  -1.00  -1.00  -1.00
