Inference for Stan model: anon_model_8e94f7271286118cdef4b9f5c4ff7bef.
4 chains, each with iter=5000; warmup=1000; thin=1; 
post-warmup draws per chain=4000, total post-warmup draws=16000.

                mean se_mean     sd   2.5%    25%    50%    75%  97.5%  n_eff   Rhat
H0             75.11    0.01   1.47  72.34  74.11  75.07  76.09  78.09  16000    1.0
pec_vel         2.75  4.5e-3   0.57   1.65   2.37   2.75   3.13   3.87  16000    1.0
eps_sn          0.13  1.2e-4   0.02    0.1   0.12   0.13   0.14   0.16  16000    1.0
EBV_Rv[0,0]     0.13  1.9e-4   0.02   0.09   0.12   0.13   0.15   0.18  16000    1.0
EBV_Rv[1,0]     0.16  1.3e-4   0.02   0.13   0.15   0.16   0.17   0.19  16000    1.0
EBV_Rv[2,0]     0.13  2.0e-4   0.02   0.08   0.11   0.13   0.15   0.18  16000    1.0
EBV_Rv[3,0]     0.03  1.3e-4   0.02-4.6e-3   0.02   0.03   0.04   0.06  16000    1.0
EBV_Rv[4,0]     0.21  3.8e-4   0.05   0.12   0.18   0.21   0.25   0.31  16000    1.0
EBV_Rv[5,0]     0.19  1.1e-4   0.01   0.16   0.18   0.19    0.2   0.22  16000    1.0
EBV_Rv[6,0]      0.1  2.3e-4   0.03   0.04   0.08    0.1   0.12   0.16  16000    1.0
EBV_Rv[7,0]     1.17  1.7e-4   0.02   1.12   1.15   1.17   1.18   1.21  16000    1.0
EBV_Rv[8,0]     0.06  1.5e-4   0.02   0.02   0.04   0.06   0.07   0.09  16000    1.0
EBV_Rv[9,0]     0.23  1.4e-4   0.02    0.2   0.22   0.23   0.24   0.27  16000    1.0
EBV_Rv[10,0]    0.03  1.3e-4   0.02-1.7e-3   0.02   0.03   0.04   0.07  16000    1.0
EBV_Rv[11,0]    0.01  7.0e-5 8.8e-3-6.6e-3 4.6e-3   0.01   0.02   0.03  16000    1.0
EBV_Rv[12,0]    0.08  1.3e-4   0.02   0.05   0.07   0.08   0.09   0.11  16000    1.0
EBV_Rv[13,0]    0.03  1.7e-4   0.02  -0.01   0.01   0.03   0.04   0.07  16000    1.0
EBV_Rv[14,0]    0.08  2.1e-4   0.03   0.02   0.06   0.08   0.09   0.13  16000    1.0
EBV_Rv[15,0]    0.33  2.6e-4   0.03   0.26   0.31   0.33   0.35   0.39  16000    1.0
EBV_Rv[16,0]    0.33  1.3e-4   0.02    0.3   0.32   0.33   0.34   0.36  16000    1.0
EBV_Rv[17,0]  7.2e-3  6.3e-5 7.9e-3-8.3e-3 1.8e-3 7.1e-3   0.01   0.02  16000    1.0
EBV_Rv[18,0]    0.11  1.3e-4   0.02   0.08    0.1   0.11   0.12   0.14  16000    1.0
EBV_Rv[19,0]    0.04  1.2e-4   0.02   0.02   0.03   0.04   0.06   0.07  16000    1.0
EBV_Rv[20,0]    0.04  2.3e-4   0.03  -0.02   0.02   0.04   0.06   0.09  16000    1.0
EBV_Rv[21,0]    0.03  8.4e-5   0.01   0.01   0.03   0.03   0.04   0.05  16000    1.0
EBV_Rv[22,0]    0.08  1.3e-4   0.02   0.05   0.07   0.08   0.09   0.11  16000    1.0
EBV_Rv[23,0]    0.31  2.0e-4   0.03   0.27    0.3   0.31   0.33   0.36  16000    1.0
EBV_Rv[24,0]    0.32  1.9e-4   0.02   0.27    0.3   0.32   0.34   0.37  16000    1.0
EBV_Rv[25,0]    0.02  8.6e-5   0.01-4.1e-3 9.6e-3   0.02   0.02   0.04  16000    1.0
EBV_Rv[26,0]    0.16  2.7e-4   0.03    0.1   0.14   0.16   0.18   0.23  16000    1.0
EBV_Rv[27,0]    0.29  2.4e-4   0.03   0.23   0.27   0.29   0.31   0.35  16000    1.0
EBV_Rv[28,0]    0.25  2.7e-4   0.03   0.18   0.23   0.25   0.27   0.32  16000    1.0
EBV_Rv[29,0]    0.07  1.3e-4   0.02   0.04   0.06   0.07   0.08    0.1  16000    1.0
EBV_Rv[30,0]    0.13  1.2e-4   0.02    0.1   0.12   0.13   0.15   0.16  16000    1.0
EBV_Rv[31,0]    1.35  1.4e-4   0.02   1.32   1.34   1.35   1.36   1.39  16000    1.0
EBV_Rv[32,0]    0.02  9.4e-5   0.01-3.6e-3   0.01   0.02   0.03   0.04  16000    1.0
EBV_Rv[33,0]    0.36  3.1e-4   0.04   0.29   0.34   0.36   0.39   0.44  16000    1.0
EBV_Rv[34,0]    0.04  9.2e-5   0.01   0.01   0.03   0.04   0.04   0.06  16000    1.0
EBV_Rv[35,0]     1.0  3.5e-4   0.04   0.91   0.97    1.0   1.03   1.08  16000    1.0
EBV_Rv[36,0]    0.04  1.7e-4   0.02-5.3e-3   0.02   0.04   0.05   0.08  16000    1.0
EBV_Rv[37,0]    0.07  1.6e-4   0.02   0.03   0.06   0.07   0.08   0.11  16000    1.0
EBV_Rv[38,0]    0.19  2.7e-4   0.03   0.13   0.17   0.19   0.21   0.26  16000    1.0
EBV_Rv[39,0]    0.23  1.2e-4   0.02    0.2   0.22   0.23   0.24   0.26  16000    1.0
EBV_Rv[40,0]    0.24  2.3e-4   0.03   0.19   0.22   0.24   0.26    0.3  16000    1.0
EBV_Rv[41,0]    0.28  2.7e-4   0.03   0.21   0.25   0.28    0.3   0.35  16000    1.0
EBV_Rv[42,0]    0.28  1.6e-4   0.02   0.24   0.26   0.28   0.29   0.32  16000    1.0
EBV_Rv[43,0]    0.08  1.5e-4   0.02   0.04   0.07   0.08   0.09   0.12  16000    1.0
EBV_Rv[44,0]    0.09  1.9e-4   0.02   0.05   0.08   0.09   0.11   0.14  16000    1.0
EBV_Rv[45,0]    0.22  1.7e-4   0.02   0.17    0.2   0.22   0.23   0.26  16000    1.0
EBV_Rv[46,0]  5.6e-3  7.2e-5 9.1e-3  -0.01-5.9e-4 5.6e-3   0.01   0.02  16000    1.0
EBV_Rv[47,0]    0.05  1.8e-4   0.02 3.7e-3   0.03   0.05   0.06   0.09  16000    1.0
EBV_Rv[48,0]    0.03  1.7e-4   0.02  -0.01   0.02   0.03   0.05   0.07  16000    1.0
EBV_Rv[49,0]    0.02  2.7e-4   0.03  -0.04 2.5e-3   0.02   0.05   0.09  16000    1.0
EBV_Rv[50,0]    0.06  1.3e-4   0.02   0.03   0.05   0.06   0.07   0.09  16000    1.0
EBV_Rv[51,0]    0.42  3.1e-4   0.04   0.34   0.39   0.42   0.44    0.5  16000    1.0
EBV_Rv[52,0]    0.14  1.6e-4   0.02    0.1   0.13   0.14   0.16   0.18  16000    1.0
EBV_Rv[53,0]    0.26  1.6e-4   0.02   0.23   0.25   0.26   0.28    0.3  16000    1.0
EBV_Rv[54,0]    0.44  2.8e-4   0.04   0.37   0.42   0.44   0.47   0.51  16000    1.0
EBV_Rv[55,0]    0.47  1.3e-4   0.02   0.44   0.46   0.47   0.49   0.51  16000    1.0
EBV_Rv[56,0]    0.17  1.2e-4   0.01   0.14   0.16   0.17   0.18    0.2  16000    1.0
EBV_Rv[57,0]    0.23  3.2e-4   0.04   0.15    0.2   0.23   0.26   0.31  16000    1.0
EBV_Rv[58,0]     0.2  3.0e-4   0.04   0.12   0.17    0.2   0.22   0.27  16000    1.0
EBV_Rv[59,0]    0.12  2.0e-4   0.03   0.07    0.1   0.12   0.14   0.17  16000    1.0
EBV_Rv[60,0]    0.25  2.6e-4   0.03   0.19   0.23   0.25   0.27   0.32  16000    1.0
EBV_Rv[61,0]     0.2  1.8e-4   0.02   0.15   0.18    0.2   0.21   0.24  16000    1.0
EBV_Rv[62,0]    0.11  1.0e-4   0.01   0.08    0.1   0.11   0.12   0.13  16000    1.0
EBV_Rv[63,0]    0.06  1.2e-4   0.01   0.04   0.05   0.06   0.07   0.09  16000    1.0
EBV_Rv[64,0]    0.53  1.6e-4   0.02   0.49   0.52   0.53   0.55   0.57  16000    1.0
EBV_Rv[65,0]    0.34  1.7e-4   0.02    0.3   0.33   0.34   0.36   0.38  16000    1.0
EBV_Rv[66,0]    0.74  3.6e-4   0.05   0.65   0.71   0.74   0.77   0.83  16000    1.0
EBV_Rv[67,0]    0.12  1.8e-4   0.02   0.08   0.11   0.12   0.14   0.16  16000    1.0
EBV_Rv[68,0]    0.28  2.5e-4   0.03   0.22   0.26   0.28    0.3   0.34  16000    1.0
EBV_Rv[69,0]    0.14  2.4e-4   0.03   0.08   0.12   0.14   0.16    0.2  16000    1.0
EBV_Rv[70,0]    0.12  1.4e-4   0.02   0.08    0.1   0.12   0.13   0.15  16000    1.0
EBV_Rv[71,0]    0.22  2.4e-4   0.03   0.15    0.2   0.22   0.24   0.28  16000    1.0
EBV_Rv[72,0]    0.38  1.3e-4   0.02   0.35   0.37   0.38   0.39   0.41  16000    1.0
EBV_Rv[73,0]    0.25  2.5e-4   0.03   0.19   0.23   0.25   0.27   0.31  16000    1.0
EBV_Rv[74,0]    0.05  1.0e-4   0.01   0.02   0.04   0.05   0.06   0.08  16000    1.0
EBV_Rv[75,0]  6.5e-3  6.2e-5 7.9e-3-8.9e-3 1.2e-3 6.5e-3   0.01   0.02  16000    1.0
EBV_Rv[76,0]  4.7e-3  7.8e-5 9.8e-3  -0.01-2.0e-3 4.6e-3   0.01   0.02  16000    1.0
EBV_Rv[77,0]    0.19  1.9e-4   0.02   0.14   0.17   0.19   0.21   0.24  16000    1.0
EBV_Rv[78,0]    0.15  2.3e-4   0.03   0.09   0.13   0.15   0.17    0.2  16000    1.0
EBV_Rv[79,0]    0.09  1.5e-4   0.02   0.06   0.08   0.09   0.11   0.13  16000    1.0
EBV_Rv[80,0]    0.24  2.6e-4   0.03   0.18   0.22   0.24   0.27   0.31  16000    1.0
EBV_Rv[81,0]    0.31  2.0e-4   0.03   0.26   0.29   0.31   0.33   0.36  16000    1.0
EBV_Rv[82,0]    0.03  1.4e-4   0.02-4.6e-3   0.02   0.03   0.04   0.06  16000    1.0
EBV_Rv[83,0]     0.1  1.2e-4   0.01   0.07   0.09    0.1   0.11   0.13  16000    1.0
EBV_Rv[84,0]    0.02  1.6e-4   0.02  -0.01   0.01   0.02   0.04   0.06  16000    1.0
EBV_Rv[85,0]    0.01  9.1e-5   0.01-8.6e-3 6.5e-3   0.01   0.02   0.04  16000    1.0
EBV_Rv[86,0]     0.3  3.7e-4   0.05   0.21   0.27    0.3   0.33   0.39  16000    1.0
EBV_Rv[87,0]    0.13  1.8e-4   0.02   0.08   0.11   0.13   0.14   0.17  16000    1.0
EBV_Rv[88,0]    0.25  2.0e-4   0.02    0.2   0.23   0.25   0.27    0.3  16000    1.0
EBV_Rv[89,0]    0.02  1.2e-4   0.02-9.0e-3   0.01   0.02   0.03   0.05  16000    1.0
EBV_Rv[90,0]    0.11  1.8e-4   0.02   0.07    0.1   0.11   0.13   0.15  16000    1.0
EBV_Rv[91,0]    1.92  5.6e-4   0.07   1.78   1.87   1.92   1.97   2.06  16000    1.0
EBV_Rv[92,0]    0.01  1.1e-4   0.01  -0.01 4.0e-3   0.01   0.02   0.04  16000    1.0
EBV_Rv[93,0]    0.12  1.6e-4   0.02   0.08   0.11   0.12   0.13   0.16  16000    1.0
EBV_Rv[94,0]    0.13  2.3e-4   0.03   0.07   0.11   0.13   0.15   0.18  16000    1.0
EBV_Rv[95,0]    0.52  2.7e-4   0.03   0.45   0.49   0.52   0.54   0.59  16000    1.0
EBV_Rv[96,0]    0.03  1.4e-4   0.02-3.8e-3   0.02   0.03   0.04   0.07  16000    1.0
EBV_Rv[97,0]    0.02  1.4e-4   0.02  -0.01 8.9e-3   0.02   0.03   0.05  16000    1.0
EBV_Rv[98,0]    0.12  1.9e-4   0.02   0.07    0.1   0.12   0.13   0.16  16000    1.0
EBV_Rv[99,0]    0.15  2.2e-4   0.03    0.1   0.13   0.15   0.17   0.21  16000    1.0
EBV_Rv[100,0]   0.09  1.1e-4   0.01   0.06   0.08   0.09    0.1   0.12  16000    1.0
EBV_Rv[101,0]   0.11  1.3e-4   0.02   0.08    0.1   0.11   0.12   0.14  16000    1.0
EBV_Rv[102,0]   0.03  1.4e-4   0.02-4.0e-3   0.02   0.03   0.04   0.07  16000    1.0
EBV_Rv[103,0]   0.06  1.2e-4   0.02   0.03   0.05   0.06   0.07   0.09  16000    1.0
EBV_Rv[104,0]   0.05  1.5e-4   0.02   0.01   0.04   0.05   0.06   0.09  16000    1.0
EBV_Rv[105,0]   0.02  8.6e-5   0.01-5.7e-3 8.2e-3   0.02   0.02   0.04  16000    1.0
EBV_Rv[106,0]   0.06  1.8e-4   0.02   0.02   0.05   0.06   0.08   0.11  16000    1.0
EBV_Rv[107,0]   0.03  1.3e-4   0.02 1.6e-3   0.02   0.03   0.05   0.07  16000    1.0
EBV_Rv[108,0]   0.11  2.6e-4   0.03   0.04   0.08   0.11   0.13   0.17  16000    1.0
EBV_Rv[109,0]   0.76  1.5e-4   0.02   0.72   0.75   0.76   0.77    0.8  16000    1.0
EBV_Rv[110,0]   0.43  1.7e-4   0.02   0.39   0.41   0.43   0.44   0.47  16000    1.0
EBV_Rv[111,0]   0.15  2.1e-4   0.03    0.1   0.13   0.15   0.16    0.2  16000    1.0
EBV_Rv[112,0]   0.08  1.1e-4   0.01   0.06   0.08   0.08   0.09   0.11  16000    1.0
EBV_Rv[113,0]   0.13  1.9e-4   0.02   0.08   0.11   0.13   0.14   0.17  16000    1.0
EBV_Rv[114,0]   0.08  1.4e-4   0.02   0.05   0.07   0.08   0.09   0.12  16000    1.0
EBV_Rv[115,0]   0.29  2.9e-4   0.04   0.21   0.26   0.29   0.31   0.36  16000    1.0
EBV_Rv[116,0]    0.2  2.5e-4   0.03   0.14   0.18    0.2   0.22   0.27  16000    1.0
EBV_Rv[117,0]   0.07  1.4e-4   0.02   0.04   0.06   0.07   0.08   0.11  16000    1.0
EBV_Rv[118,0]   0.15  1.4e-4   0.02   0.11   0.14   0.15   0.16   0.19  16000    1.0
EBV_Rv[119,0]   0.17  1.3e-4   0.02   0.14   0.16   0.17   0.18    0.2  16000    1.0
EBV_Rv[120,0]   0.15  1.8e-4   0.02    0.1   0.13   0.15   0.16   0.19  16000    1.0
EBV_Rv[121,0]   0.13  1.2e-4   0.02    0.1   0.12   0.13   0.14   0.16  16000    1.0
EBV_Rv[122,0]   0.19  1.5e-4   0.02   0.15   0.17   0.19    0.2   0.22  16000    1.0
EBV_Rv[123,0]   0.18  1.4e-4   0.02   0.15   0.17   0.18   0.19   0.21  16000    1.0
EBV_Rv[124,0]   0.02  9.3e-5   0.01 4.3e-5   0.01   0.02   0.03   0.05  16000    1.0
EBV_Rv[125,0]   0.42  1.4e-4   0.02   0.38    0.4   0.42   0.43   0.45  16000    1.0
EBV_Rv[126,0]   0.29  1.3e-4   0.02   0.26   0.28   0.29    0.3   0.32  16000    1.0
EBV_Rv[127,0]   0.03  8.6e-5   0.01 7.4e-3   0.02   0.03   0.04   0.05  16000    1.0
EBV_Rv[128,0]   0.02  1.1e-4   0.01-1.9e-3   0.01   0.02   0.03   0.05  16000    1.0
EBV_Rv[129,0]   0.09  1.5e-4   0.02   0.06   0.08   0.09   0.11   0.13  16000    1.0
EBV_Rv[130,0]   0.09  1.2e-4   0.02   0.06   0.08   0.09    0.1   0.12  16000    1.0
EBV_Rv[131,0]   0.14  1.1e-4   0.01   0.11   0.13   0.14   0.15   0.17  16000    1.0
EBV_Rv[132,0]   0.12  1.1e-4   0.01   0.09   0.11   0.12   0.13   0.14  16000    1.0
EBV_Rv[133,0]   0.16  1.3e-4   0.02   0.13   0.15   0.16   0.17   0.19  16000    1.0
EBV_Rv[134,0]   0.04  1.1e-4   0.01 9.9e-3   0.03   0.04   0.05   0.06  16000    1.0
EBV_Rv[135,0]   0.04  8.2e-5   0.01   0.02   0.03   0.04   0.04   0.06  16000    1.0
EBV_Rv[136,0]   0.24  2.5e-4   0.03   0.18   0.22   0.24   0.26    0.3  16000    1.0
EBV_Rv[137,0]   0.14  4.2e-4   0.05   0.05    0.1   0.13   0.17   0.26  16000    1.0
EBV_Rv[0,1]     2.21  5.5e-3    0.7   0.85   1.73    2.2   2.67   3.62  16000    1.0
EBV_Rv[1,1]     1.86  3.7e-3   0.47   0.94   1.54   1.86   2.18   2.81  16000    1.0
EBV_Rv[2,1]     1.13  5.0e-3   0.64  -0.09    0.7   1.13   1.55    2.4  16000    1.0
EBV_Rv[3,1]     1.43  9.6e-3   1.21  -0.94   0.62   1.42   2.23   3.85  16000    1.0
EBV_Rv[4,1]     1.68  5.4e-3   0.68   0.44    1.2   1.65   2.13   3.09  16000    1.0
EBV_Rv[5,1]     1.93  3.1e-3   0.39   1.17   1.66   1.92   2.19   2.72  16000    1.0
EBV_Rv[6,1]     1.16  5.4e-3   0.68  -0.16    0.7   1.15   1.61   2.52  16000    1.0
EBV_Rv[7,1]     1.73  7.8e-4    0.1   1.54   1.66   1.73    1.8   1.92  16000    1.0
EBV_Rv[8,1]     2.03  7.6e-3   0.96   0.14   1.38   2.01   2.66   3.95  16000    1.0
EBV_Rv[9,1]     2.14  4.8e-3    0.6   0.96   1.73   2.15   2.55   3.33  16000    1.0
EBV_Rv[10,1]    1.65    0.01   1.27  -0.79   0.78   1.64    2.5   4.12  16000    1.0
EBV_Rv[11,1]    1.75    0.01   1.35  -0.89   0.84   1.75   2.66   4.43  16000    1.0
EBV_Rv[12,1]    0.86  6.4e-3   0.81   -0.7    0.3   0.85   1.41   2.46  16000    1.0
EBV_Rv[13,1]    1.59    0.01   1.28  -0.89   0.71   1.58   2.46    4.1  16000    1.0
EBV_Rv[14,1]    1.87  5.7e-3   0.72   0.48   1.38   1.87   2.35    3.3  16000    1.0
EBV_Rv[15,1]    1.76  3.7e-3   0.46    0.9   1.44   1.75   2.07   2.71  16000    1.0
EBV_Rv[16,1]    2.01  3.2e-3   0.41   1.22   1.73    2.0   2.28   2.81  16000    1.0
EBV_Rv[17,1]     1.5    0.01   1.37  -1.19    0.6   1.52   2.41   4.17  16000    1.0
EBV_Rv[18,1]    2.41  4.5e-3   0.57   1.29   2.02   2.41    2.8   3.54  16000    1.0
EBV_Rv[19,1]    2.88  9.1e-3   1.15   0.62   2.12   2.88   3.64   5.15  16000    1.0
EBV_Rv[20,1]    1.35  9.7e-3   1.23  -1.05   0.51   1.34   2.17   3.75  16000    1.0
EBV_Rv[21,1]    2.47  8.7e-3   1.09   0.34   1.74   2.46    3.2   4.65  16000    1.0
EBV_Rv[22,1]    2.05  5.7e-3   0.72   0.67   1.57   2.04   2.51   3.48  16000    1.0
EBV_Rv[23,1]     2.2  2.5e-3   0.32   1.59   1.98   2.19   2.42   2.83  16000    1.0
EBV_Rv[24,1]    1.07  1.8e-3   0.22   0.64   0.92   1.07   1.22   1.51  16000    1.0
EBV_Rv[25,1]    1.35  9.8e-3   1.24  -1.06   0.52   1.34   2.19    3.8  16000    1.0
EBV_Rv[26,1]    1.81  5.2e-3   0.66   0.58   1.36   1.79   2.24   3.17  16000    1.0
EBV_Rv[27,1]    2.49  3.7e-3   0.47    1.6   2.16   2.47   2.79   3.45  16000    1.0
EBV_Rv[28,1]    1.76  4.4e-3   0.56    0.7   1.38   1.73   2.12   2.91  16000    1.0
EBV_Rv[29,1]    2.33  7.5e-3   0.95   0.47   1.68   2.32   2.97    4.2  16000    1.0
EBV_Rv[30,1]    1.58  3.7e-3   0.47   0.65   1.25   1.57    1.9   2.49  16000    1.0
EBV_Rv[31,1]    1.79  4.0e-4   0.05   1.69   1.75   1.79   1.82   1.89  16000    1.0
EBV_Rv[32,1]    1.53  9.9e-3   1.25  -0.94   0.69   1.53   2.39   3.98  16000    1.0
EBV_Rv[33,1]    1.61  2.8e-3   0.35   0.94   1.37    1.6   1.84   2.33  16000    1.0
EBV_Rv[34,1]    1.69  8.4e-3   1.07  -0.42   0.97   1.68   2.41   3.77  16000    1.0
EBV_Rv[35,1]     2.2  1.5e-3   0.18   1.86   2.07    2.2   2.32   2.58  16000    1.0
EBV_Rv[36,1]    1.95    0.01   1.27  -0.57    1.1   1.95   2.79   4.44  16000    1.0
EBV_Rv[37,1]    2.05  7.8e-3   0.98   0.17   1.39   2.04    2.7   4.02  16000    1.0
EBV_Rv[38,1]    2.01  4.8e-3   0.61   0.87   1.59    2.0   2.42   3.23  16000    1.0
EBV_Rv[39,1]    2.34  2.1e-3   0.27   1.82   2.16   2.34   2.53   2.87  16000    1.0
EBV_Rv[40,1]     2.5  3.7e-3   0.47    1.6   2.18   2.49   2.81   3.42  16000    1.0
EBV_Rv[41,1]    1.56  4.4e-3   0.56   0.51   1.17   1.53   1.91   2.73  16000    1.0
EBV_Rv[42,1]    2.47  2.8e-3   0.36   1.78   2.22   2.46   2.71   3.17  16000    1.0
EBV_Rv[43,1]    1.86  7.5e-3   0.95   0.06   1.21   1.85    2.5   3.76  16000    1.0
EBV_Rv[44,1]    1.74  5.4e-3   0.68   0.43   1.28   1.73   2.19   3.11  16000    1.0
EBV_Rv[45,1]     2.2  3.6e-3   0.46   1.31    1.9    2.2    2.5   3.12  16000    1.0
EBV_Rv[46,1]    1.54    0.01   1.46   -1.3   0.54   1.54   2.54   4.37  16000    1.0
EBV_Rv[47,1]    1.81  9.0e-3   1.14   -0.4   1.02   1.81   2.58   4.05  16000    1.0
EBV_Rv[48,1]     1.7  9.8e-3   1.24  -0.72   0.85   1.69   2.54   4.16  16000    1.0
EBV_Rv[49,1]    1.96    0.01   1.34  -0.71   1.06   1.97   2.87   4.57  16000    1.0
EBV_Rv[50,1]    1.88  7.9e-3    1.0  -0.05   1.21   1.87   2.53   3.86  16000    1.0
EBV_Rv[51,1]    2.08  2.8e-3   0.35   1.41   1.84   2.07   2.31   2.78  16000    1.0
EBV_Rv[52,1]    1.81  5.0e-3   0.63   0.62   1.37    1.8   2.22   3.07  16000    1.0
EBV_Rv[53,1]    2.46  2.7e-3   0.34   1.79   2.23   2.46   2.68   3.13  16000    1.0
EBV_Rv[54,1]    1.41  2.0e-3   0.25   0.92   1.24   1.41   1.58   1.91  16000    1.0
EBV_Rv[55,1]     2.3  1.2e-3   0.15    2.0   2.19   2.29    2.4   2.59  16000    1.0
EBV_Rv[56,1]    2.08  2.7e-3   0.34   1.42   1.84   2.08   2.31   2.75  16000    1.0
EBV_Rv[57,1]    2.41  4.5e-3   0.58   1.32   2.01   2.39    2.8   3.57  16000    1.0
EBV_Rv[58,1]    2.24  4.5e-3   0.57   1.12   1.85   2.23   2.62   3.38  16000    1.0
EBV_Rv[59,1]    1.43  4.8e-3    0.6   0.26   1.02   1.42   1.84   2.61  16000    1.0
EBV_Rv[60,1]    1.66  3.7e-3   0.47   0.73   1.34   1.66   1.97   2.58  16000    1.0
EBV_Rv[61,1]    0.65  3.4e-3   0.42  -0.18   0.36   0.65   0.93   1.49  16000    1.0
EBV_Rv[62,1]    1.72  4.0e-3   0.51   0.73   1.38   1.72   2.06   2.71  16000    1.0
EBV_Rv[63,1]    1.03  6.7e-3   0.85   -0.6   0.45   1.01   1.58   2.75  16000    1.0
EBV_Rv[64,1]    1.76  1.2e-3   0.15   1.48   1.67   1.76   1.86   2.06  16000    1.0
EBV_Rv[65,1]    3.06  2.3e-3   0.29    2.5   2.86   3.05   3.25   3.63  16000    1.0
EBV_Rv[66,1]    1.91  2.2e-3   0.28   1.39   1.71    1.9   2.09   2.49  16000    1.0
EBV_Rv[67,1]    1.54  5.4e-3   0.68   0.22   1.08   1.53   1.99   2.89  16000    1.0
EBV_Rv[68,1]    2.52  3.7e-3   0.46   1.65    2.2    2.5   2.82   3.48  16000    1.0
EBV_Rv[69,1]    2.03  5.1e-3   0.64   0.82   1.59   2.01   2.47   3.31  16000    1.0
EBV_Rv[70,1]    2.54  4.7e-3   0.59   1.39   2.15   2.54   2.94   3.72  16000    1.0
EBV_Rv[71,1]    1.87  4.7e-3   0.59   0.77   1.45   1.85   2.26    3.1  16000    1.0
EBV_Rv[72,1]    1.96  1.3e-3   0.16   1.63   1.85   1.96   2.07   2.28  16000    1.0
EBV_Rv[73,1]    1.21  4.7e-3    0.6   0.12    0.8   1.19    1.6   2.44  16000    1.0
EBV_Rv[74,1]    2.44  9.1e-3   1.16   0.23   1.64   2.41   3.23   4.71  16000    1.0
EBV_Rv[75,1]     1.7    0.01   1.31   -0.9   0.83   1.71   2.58   4.26  16000    1.0
EBV_Rv[76,1]    1.84    0.01   1.38  -0.81   0.91   1.82   2.76   4.57  16000    1.0
EBV_Rv[77,1]    1.72  3.2e-3    0.4   0.94   1.44   1.71   1.98    2.5  16000    1.0
EBV_Rv[78,1]    1.83  5.1e-3   0.65   0.56   1.38   1.82   2.27    3.1  16000    1.0
EBV_Rv[79,1]    1.29  5.6e-3    0.7  -0.05    0.8   1.28   1.75   2.69  16000    1.0
EBV_Rv[80,1]    1.86  3.7e-3   0.47   0.96   1.53   1.85   2.17   2.81  16000    1.0
EBV_Rv[81,1]     1.2  2.3e-3    0.3   0.62   0.99   1.19   1.39   1.79  16000    1.0
EBV_Rv[82,1]    1.35  9.7e-3   1.23  -1.05   0.51   1.35   2.18   3.77  16000    1.0
EBV_Rv[83,1]    1.61  4.3e-3   0.55   0.55   1.24    1.6   1.98   2.68  16000    1.0
EBV_Rv[84,1]    1.44    0.01   1.27  -1.03   0.58   1.44    2.3   3.93  16000    1.0
EBV_Rv[85,1]    1.14    0.01    1.4  -1.57   0.19   1.14   2.06   3.95  16000    1.0
EBV_Rv[86,1]     2.3  4.4e-3   0.55   1.25   1.92   2.29   2.67   3.43  16000    1.0
EBV_Rv[87,1]    2.36  6.8e-3   0.86   0.75   1.76   2.34   2.94    4.1  16000    1.0
EBV_Rv[88,1]    1.05  3.1e-3   0.39   0.27   0.78   1.04   1.31   1.81  16000    1.0
EBV_Rv[89,1]    1.74    0.01   1.33  -0.86   0.84   1.74   2.62   4.33  16000    1.0
EBV_Rv[90,1]    2.15  5.1e-3   0.64   0.89   1.72   2.15   2.57   3.42  16000    1.0
EBV_Rv[91,1]    2.01  1.5e-3   0.19   1.65   1.88   2.01   2.14    2.4  16000    1.0
EBV_Rv[92,1]    1.51    0.01    1.3  -1.03   0.62   1.51   2.39   4.09  16000    1.0
EBV_Rv[93,1]    1.06  3.8e-3   0.48   0.12   0.73   1.05   1.38    2.0  16000    1.0
EBV_Rv[94,1]    1.92  5.2e-3   0.66   0.66   1.47   1.92   2.37   3.23  16000    1.0
EBV_Rv[95,1]    2.21  2.0e-3   0.26   1.71   2.03   2.21   2.38   2.71  16000    1.0
EBV_Rv[96,1]    1.66  9.6e-3   1.22  -0.71   0.83   1.64   2.48   4.08  16000    1.0
EBV_Rv[97,1]    1.72    0.01    1.3  -0.81   0.84   1.71   2.58   4.31  16000    1.0
EBV_Rv[98,1]    2.29  5.1e-3   0.64   1.02   1.85   2.29   2.72   3.54  16000    1.0
EBV_Rv[99,1]    1.34  4.3e-3   0.54   0.31   0.97   1.33    1.7   2.41  16000    1.0
EBV_Rv[100,1]   0.57  5.5e-3    0.7  -0.76   0.09   0.57   1.05   1.96  16000    1.0
EBV_Rv[101,1]   0.96  5.4e-3   0.68  -0.34   0.49   0.95   1.42   2.32  16000    1.0
EBV_Rv[102,1]   1.42  9.8e-3   1.24  -0.96   0.57    1.4   2.25   3.91  16000    1.0
EBV_Rv[103,1]   0.72  7.6e-3   0.96  -1.13   0.07   0.71   1.36   2.62  16000    1.0
EBV_Rv[104,1]   1.74  8.8e-3   1.12  -0.39   0.97   1.71   2.49   3.98  16000    1.0
EBV_Rv[105,1]   1.16    0.01   1.33   -1.4   0.26   1.16   2.06   3.75  16000    1.0
EBV_Rv[106,1]    2.1  8.7e-3    1.1   0.03   1.34   2.07   2.84    4.3  16000    1.0
EBV_Rv[107,1]   2.08  9.3e-3   1.18   -0.2   1.27   2.08   2.86   4.39  16000    1.0
EBV_Rv[108,1]   1.71  6.5e-3   0.82   0.13   1.15    1.7   2.25   3.35  16000    1.0
EBV_Rv[109,1]   2.57  9.6e-4   0.12   2.33   2.49   2.57   2.66   2.81  16000    1.0
EBV_Rv[110,1]   1.73  1.9e-3   0.23   1.27   1.57   1.72   1.89   2.19  16000    1.0
EBV_Rv[111,1]   1.29  4.1e-3   0.52   0.28   0.93   1.28   1.63   2.31  16000    1.0
EBV_Rv[112,1]   1.92  5.4e-3   0.68   0.59   1.46   1.92   2.38   3.27  16000    1.0
EBV_Rv[113,1]   2.26  4.7e-3    0.6    1.1   1.86   2.25   2.67   3.44  16000    1.0
EBV_Rv[114,1]   2.01  5.0e-3   0.64   0.78   1.59   2.01   2.45   3.26  16000    1.0
EBV_Rv[115,1]   2.11  3.7e-3   0.47    1.2   1.79    2.1   2.42   3.03  16000    1.0
EBV_Rv[116,1]    2.6  4.6e-3   0.58   1.49    2.2   2.58   2.99   3.73  16000    1.0
EBV_Rv[117,1]   2.51  7.1e-3    0.9   0.76    1.9    2.5   3.12    4.3  16000    1.0
EBV_Rv[118,1]    1.4  3.5e-3   0.44   0.54    1.1    1.4    1.7   2.27  16000    1.0
EBV_Rv[119,1]   0.89  4.2e-3   0.53  -0.14   0.53   0.89   1.24   1.94  16000    1.0
EBV_Rv[120,1]   1.61  4.0e-3   0.51   0.63   1.26    1.6   1.95   2.62  16000    1.0
EBV_Rv[121,1]   2.76  4.8e-3   0.61   1.57   2.35   2.75   3.17   3.97  16000    1.0
EBV_Rv[122,1]   1.57  4.5e-3   0.57    0.5   1.19   1.55   1.95   2.75  16000    1.0
EBV_Rv[123,1]   1.41  4.8e-3   0.61   0.28   0.99   1.39   1.81   2.68  16000    1.0
EBV_Rv[124,1]   1.74    0.01   1.29  -0.78   0.86   1.75   2.63   4.25  16000    1.0
EBV_Rv[125,1]   2.46  1.5e-3   0.19    2.1   2.34   2.46   2.59   2.84  16000    1.0
EBV_Rv[126,1]   2.19  2.1e-3   0.26   1.67   2.01   2.19   2.37   2.71  16000    1.0
EBV_Rv[127,1]   2.47  9.9e-3   1.25   0.03   1.62   2.47    3.3   4.92  16000    1.0
EBV_Rv[128,1]   0.86    0.01   1.34  -1.74  -0.05   0.85   1.76    3.5  16000    1.0
EBV_Rv[129,1]    2.3  5.0e-3   0.63    1.1   1.87   2.29   2.73   3.58  16000    1.0
EBV_Rv[130,1]   2.04  5.1e-3   0.64   0.79    1.6   2.03   2.47   3.31  16000    1.0
EBV_Rv[131,1]   1.94  3.0e-3   0.38   1.19   1.68   1.94   2.19    2.7  16000    1.0
EBV_Rv[132,1]   0.83  3.4e-3   0.43  -0.01   0.54   0.83   1.11   1.69  16000    1.0
EBV_Rv[133,1]   2.71  3.6e-3   0.45   1.83    2.4    2.7   3.02    3.6  16000    1.0
EBV_Rv[134,1]   1.82  8.6e-3   1.09   -0.3   1.09    1.8   2.54   3.97  16000    1.0
EBV_Rv[135,1]   2.34  8.0e-3   1.01   0.36   1.66   2.34   3.02   4.35  16000    1.0
EBV_Rv[136,1]   2.72  4.3e-3   0.55   1.66   2.34   2.71   3.08   3.81  16000    1.0
EBV_Rv[137,1]   2.07  5.2e-3   0.66    0.8   1.62   2.07   2.52   3.38  16000    1.0
zpoff[0]     -8.2e-4  7.9e-5   0.01  -0.02-7.7e-3-8.5e-4 6.0e-3   0.02  16000    1.0
zpoff[1]     -5.8e-4  7.8e-5 9.9e-3  -0.02-7.3e-3-6.2e-4 6.1e-3   0.02  16000    1.0
zpoff[2]     -2.0e-3  7.8e-5 9.9e-3  -0.02-8.7e-3-2.0e-3 4.7e-3   0.02  16000    1.0
zpoff[3]      6.6e-4  7.9e-5   0.01  -0.02-6.1e-3 6.1e-4 7.4e-3   0.02  16000    1.0
zpoff[4]     -3.4e-4  7.8e-5 9.9e-3  -0.02-7.1e-3-3.1e-4 6.5e-3   0.02  16000    1.0
zpoff[5]     -4.8e-4  8.0e-5   0.01  -0.02-7.2e-3-5.4e-4 6.3e-3   0.02  16000    1.0
zpoff[6]     -4.1e-4  7.9e-510.0e-3  -0.02-7.2e-3-4.1e-4 6.3e-3   0.02  16000    1.0
a[0]           -0.31  3.0e-4   0.04  -0.38  -0.33  -0.31  -0.28  -0.23  16000    1.0
a[1]           -0.82  9.6e-4   0.12  -1.05   -0.9  -0.82  -0.74  -0.58  16000    1.0
a[2]            3.81  2.3e-3    0.3   3.22   3.61   3.81   4.01   4.39  16000    1.0
dist[0]        34.41  3.4e-4   0.04  34.33  34.39  34.41  34.44   34.5  16000    1.0
dist[1]        35.43  3.4e-4   0.04  35.34   35.4  35.43  35.46  35.51  16000    1.0
dist[2]        33.88  3.4e-4   0.04  33.79  33.85  33.88  33.91  33.96  16000    1.0
dist[3]        33.86  3.4e-4   0.04  33.78  33.83  33.86  33.89  33.94  16000    1.0
dist[4]         35.5  3.4e-4   0.04  35.41  35.47   35.5  35.53  35.58  16000    1.0
dist[5]        35.31  3.4e-4   0.04  35.22  35.28  35.31  35.34  35.39  16000    1.0
dist[6]        36.44  3.4e-4   0.04  36.36  36.41  36.44  36.47  36.52  16000    1.0
dist[7]        34.36  3.4e-4   0.04  34.27  34.33  34.36  34.39  34.44  16000    1.0
dist[8]        35.08  3.4e-4   0.04   35.0  35.05  35.08  35.11  35.16  16000    1.0
dist[9]        32.53  3.4e-4   0.04  32.44   32.5  32.53  32.55  32.61  16000    1.0
dist[10]       37.66  3.4e-4   0.04  37.57  37.63  37.66  37.69  37.74  16000    1.0
dist[11]       33.65  3.4e-4   0.04  33.56  33.62  33.65  33.67  33.73  16000    1.0
dist[12]       32.78  3.4e-4   0.04   32.7  32.76  32.78  32.81  32.87  16000    1.0
dist[13]       35.82  3.4e-4   0.04  35.74  35.79  35.82  35.85   35.9  16000    1.0
dist[14]       34.96  3.4e-4   0.04  34.88  34.93  34.96  34.99  35.04  16000    1.0
dist[15]       35.05  3.4e-4   0.04  34.96  35.02  35.05  35.08  35.13  16000    1.0
dist[16]       33.91  3.4e-4   0.04  33.83  33.88  33.91  33.94  33.99  16000    1.0
dist[17]        33.9  3.4e-4   0.04  33.81  33.87   33.9  33.93  33.98  16000    1.0
dist[18]       35.32  3.4e-4   0.04  35.23  35.29  35.32  35.35   35.4  16000    1.0
dist[19]       36.33  3.4e-4   0.04  36.24   36.3  36.33  36.36  36.41  16000    1.0
dist[20]       36.87  3.4e-4   0.04  36.79  36.84  36.87   36.9  36.95  16000    1.0
dist[21]       35.65  3.4e-4   0.04  35.57  35.62  35.65  35.68  35.73  16000    1.0
dist[22]       37.52  3.4e-4   0.04  37.43  37.49  37.52  37.55   37.6  16000    1.0
dist[23]       33.75  3.4e-4   0.04  33.66  33.72  33.75  33.78  33.83  16000    1.0
dist[24]       31.27  3.4e-4   0.04  31.19  31.25  31.27   31.3  31.36  16000    1.0
dist[25]       34.58  3.4e-4   0.04   34.5  34.56  34.59  34.61  34.67  16000    1.0
dist[26]       36.31  3.4e-4   0.04  36.23  36.28  36.31  36.34  36.39  16000    1.0
dist[27]       35.54  3.4e-4   0.04  35.45  35.51  35.54  35.57  35.62  16000    1.0
dist[28]       35.13  3.4e-4   0.04  35.04   35.1  35.13  35.15  35.21  16000    1.0
dist[29]       35.19  3.4e-4   0.04  35.11  35.17  35.19  35.22  35.27  16000    1.0
dist[30]       32.94  3.4e-4   0.04  32.86  32.91  32.94  32.97  33.02  16000    1.0
dist[31]       32.02  3.4e-4   0.04  31.93  31.99  32.02  32.05   32.1  16000    1.0
dist[32]       34.31  3.4e-4   0.04  34.22  34.28  34.31  34.34  34.39  16000    1.0
dist[33]       35.19  3.4e-4   0.04  35.11  35.16  35.19  35.22  35.27  16000    1.0
dist[34]       33.13  3.4e-4   0.04  33.05   33.1  33.13  33.16  33.21  16000    1.0
dist[35]       35.08  3.4e-4   0.04   35.0  35.05  35.08  35.11  35.16  16000    1.0
dist[36]       34.19  3.4e-4   0.04  34.11  34.17  34.19  34.22  34.28  16000    1.0
dist[37]       34.47  3.4e-4   0.04  34.39  34.45  34.48   34.5  34.56  16000    1.0
dist[38]       36.51  3.4e-4   0.04  36.43  36.49  36.51  36.54   36.6  16000    1.0
dist[39]       34.72  3.4e-4   0.04  34.64  34.69  34.72  34.75   34.8  16000    1.0
dist[40]       35.26  3.4e-4   0.04  35.18  35.23  35.26  35.29  35.34  16000    1.0
dist[41]       37.71  3.4e-4   0.04  37.63  37.69  37.72  37.74   37.8  16000    1.0
dist[42]       35.21  3.4e-4   0.04  35.13  35.18  35.21  35.24  35.29  16000    1.0
dist[43]       36.28  3.4e-4   0.04   36.2  36.25  36.28  36.31  36.36  16000    1.0
dist[44]       33.96  3.4e-4   0.04  33.88  33.93  33.96  33.99  34.04  16000    1.0
dist[45]       36.32  3.4e-4   0.04  36.24  36.29  36.32  36.35   36.4  16000    1.0
dist[46]       35.55  3.4e-4   0.04  35.46  35.52  35.55  35.58  35.63  16000    1.0
dist[47]       34.63  3.4e-4   0.04  34.55  34.61  34.64  34.66  34.72  16000    1.0
dist[48]       36.77  3.4e-4   0.04  36.69  36.75  36.78   36.8  36.86  16000    1.0
dist[49]       31.72  3.4e-4   0.04  31.64  31.69  31.72  31.75   31.8  16000    1.0
dist[50]       36.93  3.4e-4   0.04  36.85  36.91  36.93  36.96  37.02  16000    1.0
dist[51]       35.59  3.4e-4   0.04  35.51  35.57   35.6  35.62  35.68  16000    1.0
dist[52]       36.87  3.4e-4   0.04  36.79  36.84  36.87   36.9  36.95  16000    1.0
dist[53]       34.12  3.4e-4   0.04  34.04  34.09  34.12  34.15   34.2  16000    1.0
dist[54]       33.76  3.4e-4   0.04  33.67  33.73  33.76  33.79  33.84  16000    1.0
dist[55]       33.91  3.4e-4   0.04  33.83  33.89  33.92  33.94   34.0  16000    1.0
dist[56]       31.74 5.0e-157.1e-15  31.74  31.74  31.74  31.74  31.74    2.0    nan
dist[57]       35.59  3.4e-4   0.04   35.5  35.56  35.59  35.61  35.67  16000    1.0
dist[58]       33.64  3.4e-4   0.04  33.56  33.61  33.64  33.67  33.72  16000    1.0
dist[59]        34.3  3.4e-4   0.04  34.22  34.27   34.3  34.33  34.38  16000    1.0
dist[60]       32.43  3.4e-4   0.04  32.35   32.4  32.43  32.46  32.51  16000    1.0
dist[61]       36.03  3.4e-4   0.04  35.95   36.0  36.03  36.06  36.11  16000    1.0
dist[62]       34.74  3.4e-4   0.04  34.65  34.71  34.74  34.77  34.82  16000    1.0
dist[63]       35.57  3.4e-4   0.04  35.49  35.55  35.57   35.6  35.65  16000    1.0
dist[64]       32.38  3.4e-4   0.04  32.29  32.35  32.38   32.4  32.46  16000    1.0
dist[65]       33.92  3.4e-4   0.04  33.84  33.89  33.92  33.95   34.0  16000    1.0
dist[66]       35.73  3.4e-4   0.04  35.65   35.7  35.73  35.76  35.81  16000    1.0
dist[67]       33.58  3.4e-4   0.04   33.5  33.55  33.58  33.61  33.66  16000    1.0
dist[68]       37.63  3.4e-4   0.04  37.54   37.6  37.63  37.65  37.71  16000    1.0
dist[69]       37.41  3.4e-4   0.04  37.33  37.38  37.41  37.44  37.49  16000    1.0
dist[70]       35.89  3.4e-4   0.04   35.8  35.86  35.89  35.92  35.97  16000    1.0
dist[71]        36.1  3.4e-4   0.04  36.02  36.07   36.1  36.13  36.18  16000    1.0
dist[72]       31.73  3.4e-4   0.04  31.65   31.7  31.73  31.76  31.81  16000    1.0
dist[73]       37.31  3.4e-4   0.04  37.22  37.28  37.31  37.34  37.39  16000    1.0
dist[74]        36.3  3.4e-4   0.04  36.21  36.27   36.3  36.33  36.38  16000    1.0
dist[75]        36.8  3.4e-4   0.04  36.71  36.77   36.8  36.83  36.88  16000    1.0
dist[76]       31.97  3.4e-4   0.04  31.89  31.95  31.98   32.0  32.06  16000    1.0
dist[77]       31.26 1.0e-141.4e-14  31.26  31.26  31.26  31.26  31.26    2.0    nan
dist[78]       34.62  3.4e-4   0.04  34.53  34.59  34.62  34.65   34.7  16000    1.0
dist[79]       35.58  3.4e-4   0.04   35.5  35.56  35.59  35.61  35.67  16000    1.0
dist[80]        34.2  3.4e-4   0.04  34.11  34.17   34.2  34.23  34.28  16000    1.0
dist[81]       36.05  3.4e-4   0.04  35.96  36.02  36.05  36.07  36.13  16000    1.0
dist[82]       33.58  3.4e-4   0.04   33.5  33.55  33.58  33.61  33.66  16000    1.0
dist[83]       35.23  3.4e-4   0.04  35.14   35.2  35.23  35.26  35.31  16000    1.0
dist[84]       34.01  3.4e-4   0.04  33.93  33.98  34.01  34.04  34.09  16000    1.0
dist[85]        35.0  3.4e-4   0.04  34.91  34.97   35.0  35.03  35.08  16000    1.0
dist[86]       33.82  3.4e-4   0.04  33.74  33.79  33.82  33.85   33.9  16000    1.0
dist[87]       35.75  3.4e-4   0.04  35.67  35.72  35.75  35.78  35.83  16000    1.0
dist[88]       34.13  3.4e-4   0.04  34.05   34.1  34.13  34.16  34.21  16000    1.0
dist[89]       37.05  3.4e-4   0.04  36.96  37.02  37.05  37.08  37.13  16000    1.0
dist[90]       33.05  3.4e-4   0.04  32.97  33.02  33.05  33.08  33.13  16000    1.0
dist[91]       32.66  3.4e-4   0.04  32.57  32.63  32.66  32.69  32.74  16000    1.0
dist[92]       36.44  3.4e-4   0.04  36.35  36.41  36.44  36.47  36.52  16000    1.0
dist[93]        34.4  3.4e-4   0.04  34.31  34.37   34.4  34.43  34.48  16000    1.0
dist[94]       34.48  3.4e-4   0.04   34.4  34.45  34.48  34.51  34.56  16000    1.0
dist[95]       32.01  3.4e-4   0.04  31.92  31.98  32.01  32.04  32.09  16000    1.0
dist[96]       35.97  3.4e-4   0.04  35.88  35.94  35.97   36.0  36.05  16000    1.0
dist[97]       36.67  3.4e-4   0.04  36.58  36.64  36.67   36.7  36.75  16000    1.0
dist[98]       32.91  3.4e-4   0.04  32.83  32.88  32.91  32.94  32.99  16000    1.0
dist[99]       35.52  3.4e-4   0.04  35.44  35.49  35.52  35.55   35.6  16000    1.0
dist[100]      35.65  3.4e-4   0.04  35.57  35.63  35.66  35.68  35.74  16000    1.0
dist[101]      37.05  3.4e-4   0.04  36.97  37.02  37.05  37.08  37.13  16000    1.0
dist[102]      35.65  3.4e-4   0.04  35.56  35.62  35.65  35.67  35.73  16000    1.0
dist[103]       35.9  3.4e-4   0.04  35.81  35.87   35.9  35.93  35.98  16000    1.0
dist[104]      36.61  3.4e-4   0.04  36.52  36.58  36.61  36.64  36.69  16000    1.0
dist[105]      33.69  3.4e-4   0.04  33.61  33.66  33.69  33.72  33.77  16000    1.0
dist[106]      34.81  3.4e-4   0.04  34.72  34.78  34.81  34.84  34.89  16000    1.0
dist[107]      35.01  3.4e-4   0.04  34.92  34.98  35.01  35.04  35.09  16000    1.0
dist[108]      33.58  3.4e-4   0.04   33.5  33.56  33.59  33.61  33.67  16000    1.0
dist[109]      35.08  3.4e-4   0.04  34.99  35.05  35.08  35.11  35.16  16000    1.0
dist[110]      35.15  3.4e-4   0.04  35.07  35.12  35.15  35.18  35.23  16000    1.0
dist[111]      33.05  3.4e-4   0.04  32.96  33.02  33.05  33.07  33.13  16000    1.0
dist[112]      35.33  3.4e-4   0.04  35.24   35.3  35.33  35.35  35.41  16000    1.0
dist[113]      33.21  3.4e-4   0.04  33.12  33.18  33.21  33.24  33.29  16000    1.0
dist[114]      35.32  3.4e-4   0.04  35.23  35.29  35.32  35.34   35.4  16000    1.0
dist[115]      32.85  3.4e-4   0.04  32.77  32.82  32.85  32.88  32.93  16000    1.0
dist[116]      34.88  3.4e-4   0.04  34.79  34.85  34.88  34.91  34.96  16000    1.0
dist[117]      34.75  3.4e-4   0.04  34.67  34.72  34.75  34.78  34.83  16000    1.0
dist[118]      34.59  3.4e-4   0.04  34.51  34.57   34.6  34.62  34.68  16000    1.0
dist[119]      34.19  3.4e-4   0.04  34.11  34.17  34.19  34.22  34.28  16000    1.0
dist[120]      30.88 5.0e-157.1e-15  30.88  30.88  30.88  30.88  30.88    2.0    nan
dist[121]      31.48 5.0e-157.1e-15  31.48  31.48  31.48  31.48  31.48    2.0    nan
dist[122]      32.04 1.0e-141.4e-14  32.04  32.04  32.04  32.04  32.04    2.0    nan
dist[123]      32.47 5.0e-157.1e-15  32.47  32.47  32.47  32.47  32.47    2.0    nan
dist[124]      31.71     0.0    0.0  31.71  31.71  31.71  31.71  31.71    2.0    nan
dist[125]      30.84  3.4e-4   0.04  30.76  30.81  30.84  30.87  30.92  16000    1.0
dist[126]      31.27 5.0e-157.1e-15  31.27  31.27  31.27  31.27  31.27    2.0    nan
dist[127]      32.49     0.0    0.0  32.49  32.49  32.49  32.49  32.49    2.0    nan
dist[128]      32.87 1.0e-141.4e-14  32.87  32.87  32.87  32.87  32.87    2.0    nan
dist[129]      32.24     0.0    0.0  32.24  32.24  32.24  32.24  32.24    2.0    nan
dist[130]      32.46 5.0e-157.1e-15  32.46  32.46  32.46  32.46  32.46    2.0    nan
dist[131]       31.6     0.0    0.0   31.6   31.6   31.6   31.6   31.6    2.0    nan
dist[132]      29.15 7.5e-151.1e-14  29.15  29.15  29.15  29.15  29.15    2.0    nan
dist[133]      31.09     0.0    0.0  31.09  31.09  31.09  31.09  31.09    2.0    nan
dist[134]      31.28     0.0    0.0  31.28  31.28  31.28  31.28  31.28    2.0    nan
dist[135]      31.87 7.5e-151.1e-14  31.87  31.87  31.87  31.87  31.87    2.0    nan
dist[136]      31.46 2.5e-153.6e-15  31.46  31.46  31.46  31.46  31.46    2.0    nan
dist[137]      31.55 2.5e-153.6e-15  31.55  31.55  31.55  31.55  31.55    2.0    nan
g_modl[0]      15.51  8.8e-4   0.11  15.31  15.43   15.5  15.58  15.74  16000    1.0
g_modl[1]      16.86  5.5e-4   0.07  16.72  16.81  16.86   16.9  16.99  16000    1.0
g_modl[2]      15.11  5.7e-4   0.07  14.97  15.06  15.11  15.15  15.25  16000    1.0
g_modl[3]      14.61  4.3e-4   0.05  14.51  14.57   14.6  14.64  14.73  16000    1.0
g_modl[4]      16.83  1.0e-3   0.13  16.59  16.74  16.82  16.91  17.11  16000    1.0
g_modl[5]      17.17  5.4e-4   0.07  17.04  17.13  17.17  17.22  17.31  16000    1.0
g_modl[6]      17.37  6.8e-4   0.09  17.22  17.31  17.37  17.43  17.55  16000    1.0
g_modl[7]       18.2  7.2e-4   0.09  18.01  18.14   18.2  18.26  18.38  16000    1.0
g_modl[8]      15.93  6.0e-4   0.08  15.79  15.88  15.93  15.98  16.09  16000    1.0
g_modl[9]      14.02  1.1e-3   0.13  13.76  13.93  14.02  14.11  14.28  16000    1.0
g_modl[10]     18.41  5.1e-4   0.06   18.3  18.36   18.4  18.45  18.55  16000    1.0
g_modl[11]     14.56  3.0e-4   0.04  14.49  14.53  14.55  14.58  14.64  16000    1.0
g_modl[12]     14.12  4.7e-4   0.06  14.01  14.09  14.12  14.16  14.24  16000    1.0
g_modl[13]      17.0  5.5e-4   0.07  16.88  16.95  16.99  17.04  17.15  16000    1.0
g_modl[14]     15.86  6.9e-4   0.09  15.71   15.8  15.86  15.92  16.05  16000    1.0
g_modl[15]     18.56  1.1e-3   0.13  18.31  18.47  18.56  18.65  18.83  16000    1.0
g_modl[16]      15.8  9.8e-4   0.12  15.57  15.72   15.8  15.89  16.05  16000    1.0
g_modl[17]     14.83  2.6e-4   0.03  14.77  14.81  14.83  14.85   14.9  16000    1.0
g_modl[18]     16.33  4.8e-4   0.06  16.22  16.29  16.33  16.37  16.46  16000    1.0
g_modl[19]     17.18  6.4e-4   0.08  17.03  17.12  17.17  17.23  17.35  16000    1.0
g_modl[20]     17.71  6.7e-4   0.08  17.56  17.65  17.71  17.76  17.89  16000    1.0
g_modl[21]     16.62  4.1e-4   0.05  16.53  16.59  16.62  16.66  16.73  16000    1.0
g_modl[22]      18.4  5.5e-4   0.07  18.28  18.35   18.4  18.45  18.55  16000    1.0
g_modl[23]     15.55  4.8e-4   0.06  15.43  15.51  15.55  15.59  15.67  16000    1.0
g_modl[24]     14.38  8.0e-4    0.1  14.18  14.31  14.37  14.44  14.58  16000    1.0
g_modl[25]     15.57  3.1e-4   0.04   15.5  15.54  15.57   15.6  15.65  16000    1.0
g_modl[26]     17.49  8.4e-4   0.11   17.3  17.42  17.49  17.56  17.72  16000    1.0
g_modl[27]     17.19  9.0e-4   0.11  16.97  17.11  17.18  17.26  17.42  16000    1.0
g_modl[28]     17.28  1.0e-3   0.13  17.03  17.19  17.27  17.36  17.55  16000    1.0
g_modl[29]     16.15  5.0e-4   0.06  16.03  16.11  16.15  16.19  16.28  16000    1.0
g_modl[30]     14.26  4.6e-4   0.06  14.14  14.22  14.26  14.29  14.37  16000    1.0
g_modl[31]     16.42  4.3e-4   0.05  16.31  16.38  16.42  16.45  16.53  16000    1.0
g_modl[32]     15.05  3.3e-4   0.04  14.98  15.03  15.05  15.08  15.14  16000    1.0
g_modl[33]      18.8  8.6e-4   0.11   18.6  18.73   18.8  18.88  19.02  16000    1.0
g_modl[34]     14.22  3.9e-4   0.05  14.13  14.19  14.22  14.25  14.33  16000    1.0
g_modl[35]     19.02  8.2e-4    0.1  18.82  18.95  19.02  19.09  19.22  16000    1.0
g_modl[36]     15.23  6.6e-4   0.08  15.09  15.17  15.22  15.28  15.42  16000    1.0
g_modl[37]     15.62  5.9e-4   0.07  15.48  15.57  15.61  15.67  15.78  16000    1.0
g_modl[38]     18.62  7.4e-4   0.09  18.45  18.56  18.62  18.69  18.81  16000    1.0
g_modl[39]     16.14  4.3e-4   0.05  16.03   16.1  16.14  16.17  16.25  16000    1.0
g_modl[40]      17.0  6.1e-4   0.08  16.85  16.95   17.0  17.05  17.15  16000    1.0
g_modl[41]     19.24  1.1e-3   0.14  18.98  19.14  19.23  19.33  19.53  16000    1.0
g_modl[42]     17.59  5.8e-4   0.07  17.45  17.54  17.59  17.64  17.73  16000    1.0
g_modl[43]     18.28  6.2e-4   0.08  18.14  18.23  18.28  18.33  18.44  16000    1.0
g_modl[44]     15.57  5.4e-4   0.07  15.45  15.53  15.57  15.62  15.71  16000    1.0
g_modl[45]     17.71  5.9e-4   0.07  17.56  17.66   17.7  17.75  17.86  16000    1.0
g_modl[46]     16.39  5.5e-4   0.07  16.25  16.34  16.39  16.43  16.53  16000    1.0
g_modl[47]     15.93  5.8e-4   0.07   15.8  15.88  15.92  15.98  16.09  16000    1.0
g_modl[48]     17.51  5.6e-4   0.07   17.4  17.46   17.5  17.56  17.67  16000    1.0
g_modl[49]     15.32  1.2e-3   0.15  15.03  15.22  15.32  15.42  15.63  16000    1.0
g_modl[50]     18.32  5.4e-4   0.07   18.2  18.27  18.32  18.36  18.46  16000    1.0
g_modl[51]     17.65  7.0e-4   0.09  17.48  17.59  17.65  17.71  17.82  16000    1.0
g_modl[52]     18.01  7.1e-4   0.09  17.84  17.95   18.0  18.07  18.19  16000    1.0
g_modl[53]     15.71  4.9e-4   0.06  15.59  15.67  15.71  15.75  15.83  16000    1.0
g_modl[54]     17.86 10.0e-4   0.13  17.61  17.78  17.87  17.95  18.11  16000    1.0
g_modl[55]     16.11  4.5e-4   0.06   16.0  16.07  16.11  16.15  16.22  16000    1.0
g_modl[56]     13.02  4.3e-4   0.05  12.92  12.99  13.02  13.06  13.13  16000    1.0
g_modl[57]     17.05  8.4e-4   0.11  16.85  16.98  17.05  17.12  17.27  16000    1.0
g_modl[58]     17.18  1.1e-3   0.13  16.91  17.09  17.18  17.27  17.45  16000    1.0
g_modl[59]     15.41  5.0e-4   0.06  15.29  15.37  15.41  15.46  15.54  16000    1.0
g_modl[60]     15.89  1.1e-3   0.14  15.62   15.8  15.89  15.98  16.16  16000    1.0
g_modl[61]      18.2  6.7e-4   0.08  18.04  18.15   18.2  18.26  18.37  16000    1.0
g_modl[62]     15.88  4.3e-4   0.05  15.78  15.85  15.88  15.92  15.99  16000    1.0
g_modl[63]     16.54  4.3e-4   0.05  16.44  16.51  16.54  16.58  16.65  16000    1.0
g_modl[64]     14.64  4.7e-4   0.06  14.52   14.6  14.64  14.68  14.75  16000    1.0
g_modl[65]     15.96  4.9e-4   0.06  15.84  15.92  15.96   16.0  16.08  16000    1.0
g_modl[66]      18.5  1.2e-3   0.15  18.21  18.39  18.49  18.59   18.8  16000    1.0
g_modl[67]     15.49  6.1e-4   0.08  15.34  15.44  15.49  15.54  15.64  16000    1.0
g_modl[68]     19.26  8.5e-4   0.11  19.06  19.19  19.26  19.33  19.48  16000    1.0
g_modl[69]     18.67  7.4e-4   0.09   18.5  18.61  18.67  18.73  18.87  16000    1.0
g_modl[70]     17.06  5.0e-4   0.06  16.94  17.02  17.06   17.1  17.19  16000    1.0
g_modl[71]      18.4  8.9e-4   0.11  18.19  18.32  18.39  18.47  18.63  16000    1.0
g_modl[72]     13.51  4.2e-4   0.05  13.41  13.48  13.51  13.55  13.62  16000    1.0
g_modl[73]     19.89  1.0e-3   0.13  19.65   19.8  19.89  19.98  20.16  16000    1.0
g_modl[74]     17.59  5.1e-4   0.06  17.48  17.55  17.59  17.63  17.73  16000    1.0
g_modl[75]     18.11  2.9e-4   0.04  18.04  18.08  18.11  18.13  18.18  16000    1.0
g_modl[76]     13.73  3.8e-4   0.05  13.64   13.7  13.73  13.76  13.84  16000    1.0
g_modl[77]     12.47  5.3e-4   0.07  12.34  12.43  12.47  12.52  12.61  16000    1.0
g_modl[78]     16.18  6.3e-4   0.08  16.02  16.12  16.17  16.23  16.34  16000    1.0
g_modl[79]     17.42  5.2e-4   0.07   17.3  17.37  17.42  17.46  17.55  16000    1.0
g_modl[80]     15.62  6.7e-4   0.09  15.45  15.56  15.61  15.67  15.79  16000    1.0
g_modl[81]     18.14  5.8e-4   0.07  17.99  18.09  18.14  18.19  18.29  16000    1.0
g_modl[82]     15.31  4.7e-4   0.06   15.2  15.27   15.3  15.34  15.43  16000    1.0
g_modl[83]     16.21  4.2e-4   0.05  16.11  16.17  16.21  16.25  16.32  16000    1.0
g_modl[84]     14.73  4.6e-4   0.06  14.62  14.69  14.72  14.76  14.85  16000    1.0
g_modl[85]      15.7  2.9e-4   0.04  15.62  15.67  15.69  15.72  15.77  16000    1.0
g_modl[86]      16.9  9.9e-4   0.12  16.66  16.81   16.9  16.98  17.15  16000    1.0
g_modl[87]     16.81  6.9e-4   0.09  16.65  16.75  16.81  16.87  16.99  16000    1.0
g_modl[88]     16.83  7.9e-4    0.1  16.64  16.76  16.83  16.89  17.02  16000    1.0
g_modl[89]     17.87  4.5e-4   0.06  17.78  17.83  17.87  17.91   18.0  16000    1.0
g_modl[90]     14.43  5.2e-4   0.07   14.3  14.38  14.42  14.47  14.56  16000    1.0
g_modl[91]     18.94  2.1e-3   0.27  18.39  18.76  18.94  19.12  19.46  16000    1.0
g_modl[92]     17.11  3.6e-4   0.05  17.03  17.08  17.11  17.14  17.21  16000    1.0
g_modl[93]     15.29  4.6e-4   0.06  15.18  15.25  15.29  15.32  15.41  16000    1.0
g_modl[94]     15.73  6.1e-4   0.08  15.58  15.67  15.72  15.78  15.88  16000    1.0
g_modl[95]      14.3  6.1e-4   0.08  14.15  14.25   14.3  14.35  14.45  16000    1.0
g_modl[96]      16.7  4.7e-4   0.06   16.6  16.66  16.69  16.74  16.83  16000    1.0
g_modl[97]     17.68  4.6e-4   0.06  17.58  17.64  17.67  17.71   17.8  16000    1.0
g_modl[98]     13.93  6.1e-4   0.08  13.78  13.87  13.93  13.98  14.08  16000    1.0
g_modl[99]     16.51  5.5e-4   0.07  16.38  16.47  16.51  16.56  16.65  16000    1.0
g_modl[100]    16.69  5.0e-4   0.06  16.57  16.65  16.69  16.73  16.81  16000    1.0
g_modl[101]    18.05  5.4e-4   0.07  17.91   18.0  18.04  18.09  18.18  16000    1.0
g_modl[102]    16.43  4.2e-4   0.05  16.33  16.39  16.42  16.46  16.54  16000    1.0
g_modl[103]    16.68  4.5e-4   0.06  16.56  16.64  16.67  16.71  16.79  16000    1.0
g_modl[104]    17.78  5.2e-4   0.07  17.66  17.73  17.77  17.82  17.92  16000    1.0
g_modl[105]    14.63  3.0e-4   0.04  14.56   14.6  14.63  14.65  14.71  16000    1.0
g_modl[106]     15.9  6.0e-4   0.08  15.77  15.85   15.9  15.95  16.07  16000    1.0
g_modl[107]    15.78  5.5e-4   0.07  15.66  15.73  15.78  15.83  15.93  16000    1.0
g_modl[108]    16.82  9.6e-4   0.12  16.59  16.74  16.82   16.9  17.06  16000    1.0
g_modl[109]    18.41  5.0e-4   0.06  18.29  18.37  18.41  18.45  18.54  16000    1.0
g_modl[110]    16.95  6.6e-4   0.08  16.79  16.89  16.95  17.01  17.11  16000    1.0
g_modl[111]    14.04  6.0e-4   0.08   13.9  13.99  14.04  14.09  14.19  16000    1.0
g_modl[112]    16.37  4.0e-4   0.05  16.27  16.33  16.37   16.4  16.47  16000    1.0
g_modl[113]    14.46  6.1e-4   0.08  14.32  14.41  14.46  14.51  14.62  16000    1.0
g_modl[114]    16.24  4.4e-4   0.06  16.13   16.2  16.23  16.27  16.35  16000    1.0
g_modl[115]    14.45  6.9e-4   0.09  14.28  14.39  14.45  14.51  14.62  16000    1.0
g_modl[116]    16.26  7.6e-4    0.1  16.07  16.19  16.26  16.32  16.45  16000    1.0
g_modl[117]    15.68  6.2e-4   0.08  15.53  15.62  15.67  15.73  15.84  16000    1.0
g_modl[118]     15.6  5.1e-4   0.06  15.47  15.55   15.6  15.64  15.73  16000    1.0
g_modl[119]    15.17  7.2e-4   0.09  14.99  15.11  15.17  15.23  15.35  16000    1.0
g_modl[120]    12.03  5.5e-4   0.07   11.9  11.98  12.03  12.07  12.17  16000    1.0
g_modl[121]    12.62  6.7e-4   0.08  12.46  12.57  12.62  12.68   12.8  16000    1.0
g_modl[122]    13.18  7.7e-4    0.1  12.99  13.11  13.18  13.24  13.37  16000    1.0
g_modl[123]    13.55  8.5e-4   0.11  13.35  13.47  13.55  13.62  13.77  16000    1.0
g_modl[124]    12.51  4.4e-4   0.06  12.41  12.47   12.5  12.54  12.63  16000    1.0
g_modl[125]     13.0  4.6e-4   0.06  12.89  12.96   13.0  13.04  13.11  16000    1.0
g_modl[126]    12.93  5.1e-4   0.06   12.8  12.88  12.93  12.97  13.05  16000    1.0
g_modl[127]    13.29  4.6e-4   0.06  13.18  13.25  13.29  13.33  13.41  16000    1.0
g_modl[128]     13.6  4.0e-4   0.05   13.5  13.56  13.59  13.63   13.7  16000    1.0
g_modl[129]    13.26  5.1e-4   0.06  13.14  13.22  13.26   13.3   13.4  16000    1.0
g_modl[130]    13.37  5.5e-4   0.07  13.24  13.32  13.37  13.42  13.51  16000    1.0
g_modl[131]    12.74  4.4e-4   0.06  12.63   12.7  12.74  12.78  12.85  16000    1.0
g_modl[132]     10.1  4.4e-4   0.06   9.99  10.06   10.1  10.14  10.21  16000    1.0
g_modl[133]    12.33  5.1e-4   0.06  12.21  12.29  12.33  12.37  12.46  16000    1.0
g_modl[134]    12.03  4.9e-4   0.06  11.92  11.99  12.03  12.07  12.16  16000    1.0
g_modl[135]    12.88  4.3e-4   0.05  12.78  12.85  12.88  12.92   13.0  16000    1.0
g_modl[136]    12.99  6.3e-4   0.08  12.83  12.94  12.99  13.04  13.15  16000    1.0
g_modl[137]    12.85  1.1e-3   0.14  12.61  12.76  12.85  12.94  13.14  16000    1.0
g_Al[0]         0.42  8.4e-4   0.11   0.23   0.35   0.42   0.49   0.65  16000    1.0
g_Al[1]         0.46  5.2e-4   0.07   0.33   0.41   0.46    0.5   0.59  16000    1.0
g_Al[2]         0.26  5.4e-4   0.07   0.13   0.22   0.26   0.31    0.4  16000    1.0
g_Al[3]         0.06  4.0e-4   0.05  -0.02   0.03   0.06   0.09   0.18  16000    1.0
g_Al[4]         0.55  1.0e-3   0.13   0.31   0.46   0.55   0.64   0.83  16000    1.0
g_Al[5]         0.55  5.1e-4   0.06   0.43   0.51   0.55   0.59   0.68  16000    1.0
g_Al[6]         0.21  6.4e-4   0.08   0.07   0.15   0.21   0.26   0.38  16000    1.0
g_Al[7]         3.11  7.2e-4   0.09   2.93   3.05   3.11   3.17   3.29  16000    1.0
g_Al[8]         0.16  5.5e-4   0.07   0.04   0.11   0.16   0.21   0.31  16000    1.0
g_Al[9]         0.72  1.0e-3   0.13   0.46   0.63   0.72   0.81   0.98  16000    1.0
g_Al[10]        0.08  4.5e-4   0.06  -0.01   0.04   0.07   0.11   0.21  16000    1.0
g_Al[11]        0.03  2.3e-4   0.03  -0.02 7.8e-3   0.02   0.04    0.1  16000    1.0
g_Al[12]        0.14  4.3e-4   0.05   0.03    0.1   0.14   0.17   0.24  16000    1.0
g_Al[13]        0.07  5.2e-4   0.07  -0.03   0.03   0.06   0.11   0.22  16000    1.0
g_Al[14]        0.21  6.8e-4   0.09   0.06   0.15   0.21   0.27    0.4  16000    1.0
g_Al[15]        0.89  1.1e-3   0.14   0.63    0.8   0.89   0.98   1.17  16000    1.0
g_Al[16]        0.99  9.7e-4   0.12   0.76   0.91   0.99   1.08   1.23  16000    1.0
g_Al[17]        0.01  1.8e-4   0.02  -0.03 1.5e-3   0.01   0.03   0.06  16000    1.0
g_Al[18]        0.36  4.5e-4   0.06   0.26   0.33   0.36    0.4   0.48  16000    1.0
g_Al[19]        0.17  6.1e-4   0.08   0.04   0.12   0.17   0.22   0.34  16000    1.0
g_Al[20]        0.08  6.2e-4   0.08  -0.05   0.02   0.07   0.12   0.26  16000    1.0
g_Al[21]        0.11  3.8e-4   0.05   0.03   0.08   0.11   0.14   0.22  16000    1.0
g_Al[22]        0.24  5.3e-4   0.07   0.12   0.19   0.23   0.28   0.38  16000    1.0
g_Al[23]        0.99  4.5e-4   0.06   0.88   0.95   0.99   1.03    1.1  16000    1.0
g_Al[24]        0.65  6.2e-4   0.08   0.51    0.6   0.65    0.7   0.81  16000    1.0
g_Al[25]        0.04  2.5e-4   0.03  -0.02   0.01   0.03   0.05   0.11  16000    1.0
g_Al[26]        0.44  8.4e-4   0.11   0.24   0.37   0.44   0.51   0.67  16000    1.0
g_Al[27]         1.0  9.1e-4   0.11   0.78   0.92   0.99   1.07   1.23  16000    1.0
g_Al[28]        0.67  1.0e-3   0.13   0.43   0.58   0.67   0.76   0.94  16000    1.0
g_Al[29]        0.22  4.8e-4   0.06   0.11   0.18   0.22   0.26   0.35  16000    1.0
g_Al[30]        0.34  4.2e-4   0.05   0.24   0.31   0.34   0.38   0.45  16000    1.0
g_Al[31]        3.68  4.0e-4   0.05   3.58   3.64   3.68   3.71   3.77  16000    1.0
g_Al[32]        0.05  2.9e-4   0.04  -0.02   0.02   0.04   0.07   0.13  16000    1.0
g_Al[33]        0.93  8.0e-4    0.1   0.74   0.86   0.93    1.0   1.13  16000    1.0
g_Al[34]        0.09  3.3e-4   0.04   0.02   0.06   0.09   0.12   0.18  16000    1.0
g_Al[35]        3.14  8.1e-4    0.1   2.94   3.07   3.14   3.21   3.34  16000    1.0
g_Al[36]        0.11  6.4e-4   0.08  -0.02   0.05    0.1   0.16   0.29  16000    1.0
g_Al[37]         0.2  5.7e-4   0.07   0.07   0.15    0.2   0.25   0.36  16000    1.0
g_Al[38]        0.56  7.2e-4   0.09   0.39    0.5   0.56   0.62   0.75  16000    1.0
g_Al[39]        0.77  3.9e-4   0.05   0.67   0.73   0.77    0.8   0.86  16000    1.0
g_Al[40]        0.83  6.0e-4   0.08   0.68   0.78   0.83   0.88   0.98  16000    1.0
g_Al[41]        0.69  1.1e-3   0.14   0.44    0.6   0.69   0.78   0.98  16000    1.0
g_Al[42]        0.96  5.5e-4   0.07   0.82   0.91   0.96    1.0   1.09  16000    1.0
g_Al[43]        0.22  5.7e-4   0.07   0.09   0.17   0.21   0.26   0.37  16000    1.0
g_Al[44]        0.25  5.0e-4   0.06   0.13    0.2   0.24   0.29   0.38  16000    1.0
g_Al[45]        0.68  5.8e-4   0.07   0.54   0.63   0.68   0.73   0.83  16000    1.0
g_Al[46]        0.01  2.0e-4   0.03  -0.04-2.5e-3 9.0e-3   0.02   0.06  16000    1.0
g_Al[47]        0.12  5.6e-4   0.07 2.5e-3   0.07   0.11   0.16   0.28  16000    1.0
g_Al[48]        0.08  5.5e-4   0.07  -0.03   0.03   0.07   0.12   0.24  16000    1.0
g_Al[49]        0.08  9.1e-4   0.12  -0.11 3.5e-3   0.06   0.14   0.35  16000    1.0
g_Al[50]        0.17  5.1e-4   0.06   0.05   0.12   0.16   0.21   0.31  16000    1.0
g_Al[51]        1.26  6.9e-4   0.09    1.1   1.21   1.26   1.32   1.44  16000    1.0
g_Al[52]         0.4  7.0e-4   0.09   0.23   0.33   0.39   0.45   0.58  16000    1.0
g_Al[53]        0.91  4.6e-4   0.06   0.79   0.87   0.91   0.95   1.02  16000    1.0
g_Al[54]        1.05  8.6e-4   0.11   0.84   0.98   1.05   1.12   1.26  16000    1.0
g_Al[55]        1.55  4.1e-4   0.05   1.45   1.51   1.55   1.58   1.65  16000    1.0
g_Al[56]        0.51  3.4e-4   0.04   0.42   0.48   0.51   0.54   0.59  16000    1.0
g_Al[57]        0.76  8.3e-4   0.11   0.56   0.69   0.76   0.83   0.97  16000    1.0
g_Al[58]        0.63  9.8e-4   0.12    0.4   0.54   0.62   0.71   0.88  16000    1.0
g_Al[59]        0.28  4.7e-4   0.06   0.16   0.24   0.28   0.32    0.4  16000    1.0
g_Al[60]        0.66  9.3e-4   0.12   0.44   0.57   0.65   0.73   0.89  16000    1.0
g_Al[61]        0.32  5.9e-4   0.07   0.17   0.27   0.32   0.37   0.47  16000    1.0
g_Al[62]        0.29  4.0e-4   0.05    0.2   0.26   0.29   0.32   0.39  16000    1.0
g_Al[63]        0.12  4.0e-4   0.05   0.03   0.09   0.12   0.16   0.23  16000    1.0
g_Al[64]        1.45  4.3e-4   0.05   1.34   1.41   1.45   1.49   1.56  16000    1.0
g_Al[65]        1.38  4.6e-4   0.06   1.27   1.34   1.38   1.42    1.5  16000    1.0
g_Al[66]        2.12  1.2e-3   0.15   1.84   2.02   2.11   2.22   2.42  16000    1.0
g_Al[67]         0.3  5.6e-4   0.07   0.16   0.25   0.29   0.34   0.44  16000    1.0
g_Al[68]        0.98  8.5e-4   0.11   0.78    0.9   0.97   1.05    1.2  16000    1.0
g_Al[69]        0.41  7.4e-4   0.09   0.24   0.34   0.41   0.47    0.6  16000    1.0
g_Al[70]         0.4  4.8e-4   0.06   0.29   0.36    0.4   0.44   0.52  16000    1.0
g_Al[71]        0.61  8.8e-4   0.11    0.4   0.53    0.6   0.68   0.84  16000    1.0
g_Al[72]        1.11  3.9e-4   0.05   1.02   1.08   1.11   1.15   1.21  16000    1.0
g_Al[73]        0.54  1.0e-3   0.13   0.29   0.45   0.53   0.62    0.8  16000    1.0
g_Al[74]        0.16  4.8e-4   0.06   0.06   0.12   0.16    0.2   0.29  16000    1.0
g_Al[75]        0.02  1.9e-4   0.02  -0.03 1.2e-3   0.01   0.03   0.07  16000    1.0
g_Al[76]        0.01  2.5e-4   0.03  -0.04-4.2e-3 9.5e-3   0.03   0.09  16000    1.0
g_Al[77]        0.51  5.1e-4   0.06   0.39   0.47   0.51   0.55   0.64  16000    1.0
g_Al[78]         0.4  6.1e-4   0.08   0.26   0.35    0.4   0.45   0.56  16000    1.0
g_Al[79]        0.21  4.7e-4   0.06    0.1   0.17   0.21   0.25   0.33  16000    1.0
g_Al[80]        0.68  6.6e-4   0.08   0.52   0.62   0.68   0.74   0.85  16000    1.0
g_Al[81]        0.67  5.5e-4   0.07   0.53   0.62   0.67   0.71    0.8  16000    1.0
g_Al[82]        0.06  4.1e-4   0.05  -0.02   0.03   0.06   0.09   0.18  16000    1.0
g_Al[83]        0.26  4.0e-4   0.05   0.17   0.23   0.26    0.3   0.37  16000    1.0
g_Al[84]        0.05  4.3e-4   0.05  -0.05   0.02   0.05   0.09   0.17  16000    1.0
g_Al[85]        0.02  2.4e-4   0.03  -0.03 5.6e-3   0.02   0.04   0.09  16000    1.0
g_Al[86]        0.96  9.5e-4   0.12   0.73   0.88   0.96   1.04    1.2  16000    1.0
g_Al[87]        0.41  6.7e-4   0.08   0.24   0.35   0.41   0.46   0.58  16000    1.0
g_Al[88]         0.5  7.2e-4   0.09   0.32   0.44    0.5   0.56   0.68  16000    1.0
g_Al[89]        0.06  4.2e-4   0.05  -0.03   0.02   0.05   0.09   0.18  16000    1.0
g_Al[90]        0.34  4.9e-4   0.06   0.23    0.3   0.34   0.38   0.47  16000    1.0
g_Al[91]         5.6  2.1e-3   0.27   5.05   5.42    5.6   5.78   6.12  16000    1.0
g_Al[92]        0.03  3.0e-4   0.04  -0.04 5.1e-3   0.03   0.05   0.11  16000    1.0
g_Al[93]        0.24  4.1e-4   0.05   0.14   0.21   0.24   0.28   0.35  16000    1.0
g_Al[94]        0.36  5.8e-4   0.07   0.22    0.3   0.35    0.4   0.51  16000    1.0
g_Al[95]        1.64  5.8e-4   0.07    1.5   1.59   1.64   1.69   1.78  16000    1.0
g_Al[96]        0.08  4.4e-4   0.06  -0.01   0.04   0.07   0.11    0.2  16000    1.0
g_Al[97]        0.05  4.2e-4   0.05  -0.04   0.02   0.05   0.08   0.17  16000    1.0
g_Al[98]        0.37  5.8e-4   0.07   0.23   0.32   0.37   0.42   0.52  16000    1.0
g_Al[99]        0.34  5.2e-4   0.07   0.22    0.3   0.34   0.39   0.48  16000    1.0
g_Al[100]       0.14  4.7e-4   0.06   0.02    0.1   0.14   0.18   0.26  16000    1.0
g_Al[101]        0.2  5.2e-4   0.07   0.07   0.16    0.2   0.25   0.33  16000    1.0
g_Al[102]       0.06  3.9e-4   0.05  -0.02   0.03   0.06   0.09   0.18  16000    1.0
g_Al[103]        0.1  4.3e-4   0.05-9.0e-3   0.06   0.09   0.13   0.21  16000    1.0
g_Al[104]       0.13  5.0e-4   0.06   0.02   0.08   0.12   0.17   0.27  16000    1.0
g_Al[105]       0.03  2.3e-4   0.03  -0.02 9.4e-3   0.03   0.05   0.09  16000    1.0
g_Al[106]       0.18  5.8e-4   0.07   0.05   0.13   0.18   0.23   0.34  16000    1.0
g_Al[107]        0.1  5.0e-4   0.06 6.0e-4   0.06    0.1   0.14   0.24  16000    1.0
g_Al[108]       0.28  8.0e-4    0.1    0.1   0.21   0.27   0.34   0.49  16000    1.0
g_Al[109]       2.68  4.8e-4   0.06   2.56   2.64   2.68   2.72    2.8  16000    1.0
g_Al[110]       1.15  6.5e-4   0.08   0.99   1.09   1.15   1.21   1.31  16000    1.0
g_Al[111]       0.32  5.4e-4   0.07    0.2   0.28   0.32   0.37   0.46  16000    1.0
g_Al[112]       0.24  3.7e-4   0.05   0.15   0.21   0.24   0.27   0.33  16000    1.0
g_Al[113]        0.4  5.8e-4   0.07   0.26   0.35    0.4   0.45   0.55  16000    1.0
g_Al[114]       0.24  4.2e-4   0.05   0.14    0.2   0.24   0.28   0.35  16000    1.0
g_Al[115]       0.87  6.7e-4   0.09    0.7   0.81   0.87   0.93   1.04  16000    1.0
g_Al[116]       0.71  7.3e-4   0.09   0.54   0.65   0.71   0.78    0.9  16000    1.0
g_Al[117]       0.25  5.8e-4   0.07   0.12    0.2   0.25    0.3   0.41  16000    1.0
g_Al[118]       0.35  4.7e-4   0.06   0.24   0.31   0.35   0.39   0.47  16000    1.0
g_Al[119]       0.32  7.0e-4   0.09   0.14   0.26   0.32   0.38    0.5  16000    1.0
g_Al[120]       0.37  4.8e-4   0.06   0.26   0.33   0.37   0.41    0.5  16000    1.0
g_Al[121]        0.5  6.6e-4   0.08   0.34   0.44   0.49   0.55   0.67  16000    1.0
g_Al[122]       0.47  7.6e-4    0.1   0.29   0.41   0.47   0.54   0.66  16000    1.0
g_Al[123]       0.43  8.2e-4    0.1   0.23   0.36   0.43    0.5   0.64  16000    1.0
g_Al[124]       0.06  3.3e-4   0.04-5.9e-3   0.03   0.05   0.08   0.16  16000    1.0
g_Al[125]       1.43  4.2e-4   0.05   1.32   1.39   1.43   1.46   1.53  16000    1.0
g_Al[126]       0.92  4.3e-4   0.05   0.81   0.88   0.92   0.96   1.03  16000    1.0
g_Al[127]       0.09  3.7e-4   0.05   0.02   0.06   0.09   0.12    0.2  16000    1.0
g_Al[128]       0.04  2.8e-4   0.04  -0.03   0.01   0.03   0.06   0.12  16000    1.0
g_Al[129]        0.3  4.5e-4   0.06    0.2   0.26    0.3   0.34   0.42  16000    1.0
g_Al[130]       0.26  4.9e-4   0.06   0.15   0.22   0.26   0.31   0.39  16000    1.0
g_Al[131]       0.41  3.7e-4   0.05   0.32   0.38   0.41   0.44    0.5  16000    1.0
g_Al[132]       0.21  3.4e-4   0.04   0.12   0.18   0.21   0.24   0.29  16000    1.0
g_Al[133]       0.59  4.2e-4   0.05   0.49   0.55   0.59   0.62   0.69  16000    1.0
g_Al[134]        0.1  3.8e-4   0.05   0.02   0.07    0.1   0.13   0.21  16000    1.0
g_Al[135]       0.12  3.4e-4   0.04   0.04   0.09   0.11   0.14   0.21  16000    1.0
g_Al[136]       0.88  5.7e-4   0.07   0.74   0.84   0.88   0.93   1.03  16000    1.0
g_Al[137]        0.4  1.1e-3   0.14   0.15   0.31   0.39   0.48   0.68  16000    1.0
lp__          1094.1    0.16  12.33 1069.1 1086.0 1094.4 1102.7 1117.2 5658.0    1.0

Samples were drawn using NUTS at Tue Jun 12 18:03:03 2018.
For each parameter, n_eff is a crude measure of effective sample size,
and Rhat is the potential scale reduction factor on split chains (at 
convergence, Rhat=1).