      SN    st  e_st   zhelio     zcmb    Bmax e_Bmax    Vmax e_Vmax    umax e_umax    gmax e_gmax    rmax e_rmax    imax e_imax    Ymax e_Ymax    Jmax e_Jmax    Hmax e_Hmax EBVhost e_EBVhost    Rv  e_Rv  C(Rv)(EBVhost) ssource   cephV    cephH
SN2004dt 1.189 0.011 0.019717 0.018813  15.185  0.038  15.210  0.022  15.512  0.060  15.129  0.033  15.266  0.019  15.483  0.032 999.999  9.999 999.999  9.999 999.999  9.999 0.14900   0.02500 2.749 0.731        -0.00029     CSP       0        0
SN2004ef 0.816 0.003 0.030967 0.029770  16.863  0.004  16.733  0.003  17.533  0.008  16.785  0.004  16.750  0.004  17.292  0.005  17.058  0.085  17.071  0.118  17.065  0.074 0.16200   0.01600 1.835 0.504        -0.00383     CSP       0        0
SN2004eo 0.818 0.005 0.015690 0.014737  15.113  0.007  15.063  0.008  15.565  0.014  15.034  0.008  15.024  0.007  15.525  0.009  15.474  0.025  15.417  0.028  15.626  0.038 0.13000   0.02500 1.093 0.668        -0.00982     CSP       0        0
SN2004ey 1.010 0.003 0.015777 0.014627  14.777  0.002  14.820  0.002  15.126  0.004  14.750  0.002  14.914  0.003  15.535  0.004 999.999  9.999  15.476  0.008  15.809  0.021 0.02600   0.01800 1.310 1.269        -0.00745     CSP       0        0
SN2004gc 0.923 0.023 0.032078 0.030713  16.758  0.063  16.576  0.046 999.999  9.999  16.654  0.039  16.561  0.037  17.107  0.070 999.999  9.999 999.999  9.999 999.999  9.999 0.22600   0.05100 1.873 0.779        -0.00945     CSP       0        0
SN2004gs 0.689 0.004 0.026627 0.028277  17.164  0.005  16.969  0.005  17.875  0.012  17.035  0.005  16.951  0.005  17.356  0.008  17.203  0.062  16.995  0.082  17.277  0.064 0.19000   0.01400 1.928 0.416        -0.00272     CSP       0        0
SN2004gu 1.250 0.011 0.045827 0.046897  17.434  0.013  17.280  0.009  17.869  0.029  17.329  0.009  17.409  0.008  18.037  0.013  18.076  0.058  17.799  0.186  18.322  0.101 0.09700   0.03100 1.019 0.742        -0.00478     CSP       0        0
SN2005A  0.963 0.011 0.019127 0.018340  18.118  0.020  17.117  0.015 999.999  9.999  17.678  0.014  16.734  0.013  16.966  0.017  16.310  0.105  16.291  0.123  16.321  0.090 1.16500   0.02100 1.748 0.107        -0.00134     CSP       0        0
SN2005M  1.208 0.002 0.021997 0.025580  15.939  0.002  15.907  0.002  16.223  0.004  15.861  0.002  16.003  0.003  16.530  0.004  16.646  0.014  16.603  0.018  16.702  0.017 0.05500   0.02000 2.020 1.004        -0.00281     CSP       0        0
SN2005W  0.923 0.008 0.008883 0.007950  14.198  0.006  14.034  0.006  14.762  0.014  14.103  0.006  14.028  0.005  14.536  0.009 999.999  9.999 999.999  9.999 999.999  9.999 0.23200   0.01900 1.933 0.648        -0.00413     CSP       0        0
SN2005ag 1.190 0.007 0.079370 0.080080  18.423  0.005  18.443  0.005 999.999  9.999  18.392  0.005  18.565  0.005  19.178  0.009  19.311  0.079  19.174  0.110 999.999  9.999 0.03100   0.01800 1.630 1.310        -0.00237     CSP       0        0
SN2005al 0.858 0.003 0.012393 0.013287  14.881  0.005  14.936  0.005  15.352  0.009  14.864  0.005  15.027  0.005  15.645  0.007  15.523  0.059  15.408  0.078  15.631  0.044 0.00900   0.00900 1.647 1.339        -0.00187     CSP       0        0
SN2005am 0.725 0.003 0.007893 0.008967  13.685  0.004  13.619  0.004  14.215  0.007  13.610  0.004  13.640  0.004  14.161  0.007  14.030  0.028  13.819  0.077  14.155  0.024 0.07800   0.01600 1.102 0.777        -0.00602     CSP       0        0
SN2005be 0.760 0.018 0.035000 0.035577  16.943  0.055  16.914  0.039  17.384  0.082  16.880  0.032  17.017  0.030  17.529  0.059 999.999  9.999 999.999  9.999 999.999  9.999 0.03200   0.02200 1.729 1.302        -0.00194     CSP       0        0
SN2005bg 1.002 0.027 0.023070 0.024157  15.873  0.049  15.828  0.037  16.255  0.076  15.844  0.029  15.942  0.029  16.584  0.063 999.999  9.999 999.999  9.999 999.999  9.999 0.07500   0.02900 1.878 0.756        -0.00208     CSP       0        0
SN2005bl 0.387 0.012 0.024043 0.025113  18.511  0.030  17.806  0.022  19.622  0.099  18.148  0.025  17.592  0.026  17.834  0.032 999.999  9.999 999.999  9.999 999.999  9.999 0.33000   0.03300 1.871 0.604        -0.00516     CSP       0        0
SN2005bo 0.850 0.007 0.013887 0.015013  15.669  0.005  15.423  0.005  16.308  0.009  15.511  0.005  15.324  0.006  15.722  0.008 999.999  9.999 999.999  9.999 999.999  9.999 0.33300   0.01600 2.220 0.501        -0.00325     CSP       0        0
SN2005el 0.840 0.004 0.014900 0.014883  14.886  0.007  14.946  0.007  15.183  0.012  14.846  0.008  15.057  0.007  15.586  0.009  15.503  0.011  15.495  0.017  15.657  0.020 0.00700   0.00800 1.494 1.376        -0.00306     CSP       0        0
SN2005eq 1.125 0.011 0.028957 0.028350  16.312  0.007  16.241  0.007  16.617  0.014  16.225  0.006  16.348  0.008  16.955  0.012  16.965  0.020  16.755  0.032  17.080  0.046 0.10900   0.01700 2.431 0.593        -0.00543     CSP       0        0
SN2005hc 1.193 0.006 0.045907 0.044497  17.319  0.004  17.305  0.004  17.763  0.009  17.259  0.004  17.420  0.004  18.073  0.007  18.050  0.015  17.925  0.030  18.035  0.082 0.03700   0.01700 2.401 1.239        -0.00044     CSP       0        0
SN2005hj 1.280 0.016 0.056960 0.056740  17.780  0.009  17.695  0.009  17.987  0.030  17.665  0.009  17.812  0.011  18.485  0.016  18.381  0.043  18.107  0.093 999.999  9.999 0.02700   0.03400 1.311 1.311        -0.00877     CSP       0        0
SN2005iq 0.872 0.004 0.034020 0.032930  16.794  0.006  16.814  0.005  17.126  0.011  16.748  0.005  16.928  0.006  17.461  0.009  17.333  0.017  17.293  0.031  17.503  0.055 0.03000   0.01100 2.159 1.160        -0.00229     CSP       0        0
SN2005ir 1.121 0.021 0.076307 0.075233  18.433  0.010  18.352  0.011  18.811  0.028  18.383  0.008  18.523  0.011  19.104  0.017 999.999  9.999 999.999  9.999 999.999  9.999 0.07800   0.01700 1.978 0.771        -0.00144     CSP       0        0
SN2005kc 0.899 0.006 0.015110 0.013890  15.582  0.007  15.342  0.007  16.085  0.021  15.464  0.007  15.293  0.007  15.679  0.011  15.471  0.017  15.400  0.019  15.591  0.025 0.31400   0.02500 2.180 0.326        -0.00665     CSP       0        0
SN2005ke 0.419 0.004 0.004877 0.004483  14.791  0.008  14.141  0.008  15.965  0.013  14.437  0.008  14.016  0.009  14.290  0.012  14.049  0.012  13.992  0.012  14.005  0.012 0.31700   0.02500 1.044 0.225        -0.00123     CSP       0        0
SN2005ki 0.825 0.003 0.019193 0.020370  15.572  0.005  15.596  0.004  15.873  0.010  15.529  0.004  15.683  0.004  16.217  0.006  16.151  0.011  16.115  0.015  16.275  0.021 0.01700   0.01100 1.352 1.272        -0.00393     CSP       0        0
SN2005ku 0.950 0.040 0.045407 0.044183  17.534  0.063  17.432  0.049  18.317  0.111  17.526  0.040  17.474  0.038  18.078  0.082  17.905  0.196 999.999  9.999 999.999  9.999 0.15800   0.03700 1.675 0.763        -0.00735     CSP       0        0
SN2005lu 1.130 0.034 0.031987 0.031293  17.292  0.058  17.054  0.043  17.796  0.097  17.112  0.035  17.049  0.038  17.575  0.066  17.535  0.101 999.999  9.999 999.999  9.999 0.28500   0.03300 2.136 0.588        -0.00834     CSP       0        0
SN2005mc 0.640 0.025 0.025203 0.026007  17.223  0.056  16.920  0.040  18.058  0.096  17.049  0.033  16.849  0.031  17.214  0.068 999.999  9.999 999.999  9.999 999.999  9.999 0.25300   0.03500 1.886 0.703        -0.00449     CSP       0        0
SN2005na 0.957 0.006 0.026303 0.026813  16.005  0.007  16.004  0.006  16.099  0.014  15.963  0.006  16.083  0.007  16.654  0.010  16.630  0.078  16.475  0.108  16.707  0.053 0.07100   0.01600 2.514 0.937        -0.00686     CSP       0        0
SN2006D  0.815 0.003 0.008520 0.009640  14.184  0.005  14.084  0.004  14.798  0.011  14.084  0.006  14.122  0.005  14.623  0.006  14.612  0.027  14.472  0.064  14.505  0.037 0.13500   0.01500 1.586 0.479        -0.00392     CSP       0        0
SN2006X  0.968 0.006 0.005237 0.006320  15.261  0.010  14.016  0.008  17.249  0.023  14.683  0.008  13.549  0.010  13.732  0.013  13.036  0.027  12.843  0.024  12.981  0.021 1.35200   0.01800 1.810 0.051        -0.00063     CSP   N4321        0
SN2006ax 0.987 0.004 0.016727 0.017957  15.026  0.005  15.078  0.004  15.361  0.009  15.001  0.005  15.185  0.005  15.776  0.007  15.836  0.010  15.690  0.009  15.998  0.012 0.02000   0.01200 1.562 1.247        -0.00398     CSP       0        0
SN2006bd 0.376 0.013 0.025707 0.026797  18.835  0.044  18.030  0.025 999.999  9.999  18.434  0.031  17.905  0.022  18.024  0.031  17.639  0.062  17.566  0.070  17.825  0.117 0.36200   0.04000 1.553 0.391        -0.00877     CSP       0        0
SN2006bh 0.802 0.003 0.010840 0.010493  14.358  0.003  14.372  0.003  14.736  0.006  14.309  0.004  14.426  0.004  14.974  0.005  14.883  0.011  14.807  0.016  14.951  0.015 0.03500   0.01200 1.606 1.098        -0.00493     CSP       0        0
SN2006br 0.909 0.029 0.024573 0.025523  18.947  0.075  18.009  0.052 999.999  9.999  18.460  0.030  17.697  0.037  17.857  0.069  17.217  0.093  16.876  0.116  17.086  0.127 0.99700   0.04500 2.227 0.201        -0.00726     CSP       0        0
SN2006ef 0.837 0.020 0.017870 0.017027  15.396  0.070  15.414  0.048  15.815  0.109  15.363  0.044  15.512  0.037  16.097  0.067 999.999  9.999 999.999  9.999 999.999  9.999 0.03000   0.02300 1.706 1.327        -0.00184     CSP       0        0
SN2006ej 0.829 0.018 0.020437 0.019337  15.725  0.053  15.697  0.038  16.177  0.080  15.678  0.029  15.764  0.033  16.358  0.063  16.138  0.030  15.985  0.079  16.311  0.067 0.06700   0.02200 1.888 1.050        -0.01016     CSP       0        0
SN2006eq 0.621 0.025 0.049467 0.048367  18.534  0.065  18.260  0.046  19.463  0.203  18.367  0.038  18.249  0.033  18.623  0.070  18.466  0.067  18.295  0.108  18.023  0.174 0.19600   0.03300 2.117 0.618        -0.01137     CSP       0        0
SN2006et 1.093 0.008 0.022157 0.021647  15.980  0.005  15.819  0.006  16.544  0.015  15.878  0.006  15.825  0.006  16.328  0.010  16.309  0.015  16.184  0.017  16.423  0.020 0.23200   0.01500 2.386 0.273        -0.00257     CSP       0        0
SN2006ev 0.845 0.019 0.028713 0.027600  17.128  0.053  16.917  0.039 999.999  9.999  17.008  0.031  16.936  0.029  17.425  0.061  17.119  0.059  17.062  0.081  17.120  0.051 0.24000   0.03100 2.359 0.523        -0.01219     CSP       0        0
SN2006fw 0.888 0.049 0.082943 0.081987  19.065  0.048  18.982  0.055  19.543  0.154  18.853  0.061  18.765  0.041  19.176  0.075 999.999  9.999 999.999  9.999 999.999  9.999 0.28700   0.03300 2.216 0.696        -0.00451     CSP       0        0
SN2006gj 0.656 0.007 0.028333 0.026967  17.647  0.009  17.364  0.008  18.361  0.021  17.482  0.007  17.265  0.007  17.561  0.013  17.270  0.061  17.071  0.094  17.336  0.081 0.27900   0.02100 2.408 0.381        -0.00545     CSP       0        0
SN2006gt 0.562 0.011 0.044740 0.043643  18.212  0.012  17.975  0.010  19.008  0.038  18.044  0.009  18.049  0.010  18.377  0.016  18.205  0.042  18.117  0.057  18.279  0.133 0.08100   0.01900 2.018 1.000        -0.00722     CSP       0        0
SN2006hb 0.673 0.018 0.015333 0.015337  15.525  0.049  15.373  0.036  16.237  0.075  15.390  0.028  15.459  0.026  15.850  0.058  15.715  0.054  15.564  0.071  15.805  0.040 0.09400   0.02400 1.757 0.686        -0.00811     CSP       0        0
SN2006hx 0.988 0.017 0.045463 0.044403  17.556  0.022  17.407  0.023  18.098  0.052  17.501  0.028  17.475  0.030  17.827  0.043  17.967  0.055  17.756  0.065  17.903  0.072 0.21700   0.02100 2.350 0.461        -0.00593     CSP       0        0
SN2006is 1.327 0.026 0.031333 0.031420  16.094  0.055  16.120  0.040  16.454  0.087  16.024  0.035  16.343  0.031  17.110  0.068  17.248  0.083  16.673  0.107  17.170  0.065 0.00700   0.00900 1.564 1.386        -0.00249     CSP       0        0
SN2006kf 0.735 0.004 0.021287 0.020800  15.955  0.006  15.942  0.005  16.428  0.012  15.897  0.006  15.987  0.005  16.489  0.008  16.316  0.017  16.259  0.013  16.401  0.032 0.04500   0.02400 1.789 1.199        -0.00881     CSP       0        0
SN2006lu 1.051 0.022 0.053367 0.054397  17.519  0.052  17.533  0.039  17.753  0.086  17.475  0.030  17.678  0.029  18.304  0.064  18.444  0.142 999.999  9.999 999.999  9.999 0.03000   0.02300 1.749 1.275        -0.00163     CSP       0        0
SN2006mr 0.239 0.004 0.005867 0.005510  15.261  0.022  14.590  0.021  16.443  0.036  14.922  0.022  14.438  0.027  14.395  0.032  13.974  0.040  13.999  0.041  13.912  0.044 0.02500   0.03500 2.000 1.346         0.00836     CSP       0        0
SN2006ob 0.720 0.012 0.059197 0.058257  18.266  0.016  18.172  0.016  18.362  0.048  18.170  0.014  18.266  0.013  18.686  0.021  18.634  0.104  18.604  0.128  18.696  0.177 0.06200   0.01700 2.005 1.034        -0.00438     CSP       0        0
SN2006os 0.914 0.024 0.032787 0.032080  17.612  0.057  17.286  0.042  18.325  0.131  17.458  0.033  17.143  0.031  17.544  0.069  17.314  0.035  17.279  0.039  17.332  0.104 0.41900   0.03900 2.091 0.367        -0.01093     CSP       0        0
SN2006py 0.950 0.026 0.057860 0.056643  17.921  0.021  17.813  0.016  18.279  0.054  17.826  0.013  17.896  0.012  18.443  0.023 999.999  9.999 999.999  9.999 999.999  9.999 0.14600   0.02000 2.008 0.697        -0.00291     CSP       0        0
SN2007A  1.012 0.011 0.017633 0.016463  15.712  0.008  15.505  0.007  16.081  0.016  15.606  0.008  15.521  0.007  15.990  0.010  15.904  0.016  15.716  0.021  15.977  0.051 0.26500   0.02000 2.453 0.347        -0.00528     CSP       0        0
SN2007N  0.312 0.008 0.012870 0.014000  18.013  0.021  17.075  0.013  20.153  0.153  17.504  0.019  16.800  0.015  16.935  0.021  16.489  0.064  16.346  0.076  16.344  0.055 0.43600   0.03700 1.307 0.276        -0.00349     CSP       0        0
SN2007S  1.115 0.009 0.013870 0.015023  15.809  0.010  15.409  0.007  16.428  0.018  15.577  0.007  15.298  0.009  15.711  0.013  15.581  0.017  15.363  0.015  15.540  0.017 0.47500   0.01700 2.332 0.149        -0.00171     CSP       0        0
SN2007af 0.926 0.003 0.005460 0.006290  13.185  0.006  13.096  0.005  13.706  0.009  13.076  0.005  13.093  0.005  13.629  0.007  13.530  0.011  13.468  0.008  13.619  0.010 0.16600   0.01500 1.956 0.363        -0.00359     CSP       0    N5584
SN2007ai 1.229 0.013 0.031640 0.031987  17.037  0.010  16.843  0.008  17.453  0.101  16.923  0.030  16.878  0.009  17.340  0.013  17.244  0.034  16.934  0.024  17.125  0.035 0.22900   0.04300 2.419 0.605        -0.01438     CSP       0        0
SN2007al 0.336 0.022 0.012113 0.013263  17.296  0.060  16.615  0.015  18.379  0.110  16.924  0.044  16.499  0.037  16.613  0.072  16.369  0.078  16.123  0.082  16.060  0.071 0.18800   0.04100 2.124 0.616        -0.01017     CSP       0        0
SN2007as 0.885 0.005 0.017560 0.017897  15.480  0.006  15.392  0.005  16.154  0.015  15.417  0.006  15.426  0.006  16.069  0.010  15.929  0.017  15.852  0.020  16.066  0.035 0.11800   0.02600 1.380 0.633        -0.01059     CSP       0        0
SN2007ax 0.355 0.011 0.006857 0.007637  16.190  0.023  15.508  0.020  17.789  0.086  15.846  0.020  15.383  0.021  15.533  0.028  15.213  0.032 999.999  9.999  15.115  0.092 0.24700   0.03400 1.510 0.493        -0.00682     CSP       0        0
SN2007ba 0.544 0.007 0.038487 0.039053  17.764  0.012  17.440  0.009  18.586  0.043  17.542  0.010  17.346  0.013  17.683  0.020  17.672  0.019  17.609  0.035  17.554  0.093 0.20000   0.02200 0.974 0.413        -0.00359     CSP       0        0
SN2007bc 0.876 0.006 0.020757 0.021850  15.850  0.007  15.806  0.006  16.272  0.016  15.806  0.007  15.841  0.007  16.367  0.012  16.243  0.025  16.314  0.027  16.418  0.067 0.10900   0.01300 1.741 0.524        -0.00298     CSP       0        0
SN2007bd 0.880 0.005 0.030997 0.031827  16.552  0.008  16.558  0.008  17.001  0.022  16.494  0.008  16.603  0.007  17.207  0.014  17.116  0.020  17.086  0.037  17.273  0.056 0.06500   0.01500 0.992 0.900        -0.00601     CSP       0        0
SN2007bm 0.900 0.008 0.006207 0.007440  14.404  0.008  13.979  0.008  15.285  0.027  14.194  0.030  13.799  0.033  14.116  0.016  13.970  0.042  13.848  0.017  13.962  0.030 0.53200   0.02000 1.777 0.148        -0.00212     CSP       0        0
SN2007ca 1.061 0.008 0.014057 0.015070  15.892  0.006  15.634  0.006  16.519  0.022  15.747  0.005  15.589  0.006  16.001  0.011  15.844  0.023  15.644  0.018  15.730  0.022 0.34300   0.02100 3.072 0.292        -0.00490     CSP       0        0
SN2007cg 1.103 0.048 0.033173 0.034168  18.212  0.077  17.542  0.055  19.280  0.178  17.811  0.048  17.345  0.050  17.689  0.074  17.324  0.094 999.999  9.999 999.999  9.999 0.73800   0.04400 2.211 0.309        -0.00831     CSP       0        0
SN2007hj 0.603 0.005 0.014103 0.012882  15.613  0.005  15.411  0.005  16.410  0.014  15.466  0.006  15.402  0.005  15.808  0.010  15.669  0.057  15.506  0.072  15.727  0.041 0.12000   0.02300 1.410 0.717        -0.00902     CSP       0        0
SN2007hx 1.053 0.043 0.079760 0.078873  19.283  0.062  19.048  0.045  19.714  0.175  19.119  0.037  19.101  0.036  19.562  0.074  19.423  0.090 999.999  9.999 999.999  9.999 0.28100   0.03300 2.430 0.545        -0.00800     CSP       0        0
SN2007jd 0.877 0.034 0.072583 0.071911  18.827  0.069  18.739  0.052  19.873  0.232  18.800  0.041  18.830  0.038  19.305  0.083  19.314  0.127  19.120  0.139 999.999  9.999 0.12100   0.03500 1.651 0.756        -0.00952     CSP       0        0
SN2007jg 0.925 0.007 0.037107 0.036577  17.252  0.008  17.214  0.007  18.117  0.025  17.212  0.007  17.293  0.009  17.879  0.011  17.803  0.042  17.610  0.027  17.602  0.069 0.11100   0.01900 2.274 0.664        -0.00732     CSP       0        0
SN2007jh 0.584 0.019 0.040767 0.040267  18.352  0.022  18.012  0.019 999.999  9.999  18.140  0.017  17.982  0.017  18.347  0.033  17.911  0.239 999.999  9.999 999.999  9.999 0.21900   0.03100 1.981 0.729        -0.00734     CSP       0        0
SN2007le 1.028 0.004 0.006717 0.005523  13.904  0.006  13.586  0.005  14.684  0.018  13.740  0.005  13.539  0.005  14.085  0.007  13.965  0.013  13.758  0.011  13.981  0.009 0.38000   0.01600 1.941 0.166        -0.00169     CSP       0        0
SN2007mm 0.501 0.018 0.066354 0.068873  19.746  0.035  19.237  0.023 999.999  9.999  19.462  0.021  19.240  0.018  19.496  0.028 999.999  9.999 999.999  9.999 999.999  9.999 0.25400   0.03100 1.781 0.742        -0.00656     CSP       0        0
SN2007nq 0.750 0.005 0.045000 0.043903  17.414  0.008  17.371  0.006  17.897  0.023  17.342  0.007  17.462  0.006  17.946  0.009  17.748  0.062  17.626  0.095  17.641  0.102 0.05200   0.01300 2.802 1.169        -0.00373     CSP       0        0
SN2007ol 0.696 0.035 0.055870 0.054882  18.045  0.016  18.115  0.023  18.552  0.033  17.963  0.020  18.183  0.031 999.999  9.999 999.999  9.999 999.999  9.999 999.999  9.999 0.00700   0.00800 1.734 1.326        -0.00044     CSP       0        0
SN2007on 0.570 0.004 0.006490 0.006183  13.027  0.006  12.914  0.006  13.620  0.011  12.919  0.008  12.969  0.007  13.354  0.018  13.238  0.013  13.109  0.016  13.253  0.015 0.00700   0.01000 1.951 1.377         0.00196     CSP       0        0
SN2007so 0.853 0.011 0.029667 0.028929  16.387  0.044  16.374  0.028  16.605  0.143  16.302  0.037  16.432  0.024  16.752  0.032  16.561  0.041  15.866  0.109  16.373  0.082 0.15500   0.02700 4.081 1.054        -0.02249     CSP       0        0
SN2007sr 0.988 0.017 0.005473 0.006656  12.752  0.046  12.606  0.035  13.367  0.070  12.653  0.025  12.644  0.025  13.250  0.056  13.323  0.053  13.090  0.067  13.420  0.028 0.18300   0.02800 1.319 0.479        -0.00873     CSP       0    N4038
SN2007st 0.742 0.023 0.021167 0.020651  15.852  0.060  15.691  0.049  16.370  0.092  15.768  0.037  15.739  0.036  16.124  0.069  15.947  0.070  15.671  0.122  16.141  0.081 0.15300   0.02700 2.037 0.612        -0.00943     CSP       0        0
SN2007ux 0.600 0.008 0.030893 0.031996  17.397  0.007  17.199  0.005  18.174  0.024  17.253  0.007  17.242  0.006  17.608  0.011  17.496  0.034  17.417  0.022  17.562  0.030 0.09500   0.01900 1.302 0.728        -0.00635     CSP       0        0
SN2008C  0.953 0.026 0.016610 0.017067  15.643  0.062  15.470  0.046  16.233  0.108  15.524  0.038  15.456  0.035  15.935  0.071  15.930  0.089  15.721  0.101  16.002  0.060 0.24400   0.03400 1.820 0.504        -0.01170     CSP       0        0
SN2008O  0.655 0.013 0.038830 0.039318  18.133  0.013  17.830  0.011  19.371  0.058  17.969  0.010  17.708  0.010  18.088  0.020  17.953  0.040  17.835  0.043  17.979  0.075 0.31000   0.02500 1.187 0.320        -0.00494     CSP       0        0
SN2008R  0.591 0.005 0.013493 0.012887  15.259  0.005  15.140  0.006  15.846  0.014  15.137  0.006  15.156  0.007  15.571  0.012  15.510  0.057  15.358  0.076  15.564  0.051 0.03000   0.01800 1.384 1.246        -0.00597     CSP       0        0
SN2008ar 0.970 0.006 0.026130 0.027247  16.228  0.009  16.205  0.007  16.758  0.022  16.182  0.009  16.244  0.009  16.853  0.012  16.884  0.021  16.815  0.029  16.900  0.061 0.10300   0.01500 1.589 0.564        -0.00430     CSP       0        0
SN2008bc 1.048 0.004 0.015077 0.015707  14.748  0.003  14.778  0.004  15.152  0.006  14.716  0.004  14.902  0.004  15.586  0.007  15.677  0.013  15.541  0.014  15.762  0.019 0.02400   0.02000 1.464 1.299        -0.00782     CSP       0        0
SN2008bd 0.415 0.011 0.030083 0.031280  18.071  0.055  17.493  0.038 999.999  9.999  17.680  0.068  17.630  0.055  17.768  0.077  17.630  0.043  16.766  0.140  17.429  0.143 0.15100   0.03500 2.161 0.666        -0.00966     CSP       0        0
SN2008bf 1.024 0.005 0.023484 0.024554  15.712  0.004  15.745  0.004  16.059  0.009  15.669  0.004  15.883  0.005  16.512  0.007  16.618  0.015  16.426  0.012  16.856  0.045 0.01400   0.01200 1.145 1.437        -0.00672     CSP       0        0
SN2008bi 0.485 0.028 0.013437 0.014388  16.931  0.111  16.421  0.072  18.131  0.182  16.573  0.079  16.431  0.057  16.493  0.087  16.337  0.070  15.437  0.135  16.250  0.075 0.29700   0.04800 2.256 0.591        -0.01927     CSP       0        0
SN2008bq 1.155 0.009 0.033977 0.034443  16.725  0.005  16.670  0.005  17.312  0.012  16.645  0.005  16.706  0.006  17.318  0.009  17.234  0.064  17.070  0.103  17.376  0.129 0.12700   0.02200 2.548 0.909        -0.01097     CSP       0        0
SN2008bt 0.470 0.009 0.015353 0.016580  16.753  0.010  16.254  0.008  17.820  0.031  16.469  0.008  16.164  0.009  16.430  0.015  16.383  0.051  16.070  0.149  16.409  0.240 0.25100   0.02500 1.106 0.430        -0.00366     CSP       0        0
SN2008bz 0.927 0.023 0.060237 0.061326  17.945  0.050  17.985  0.038  18.369  0.084  17.918  0.028  18.136  0.028  18.733  0.064 999.999  9.999 999.999  9.999 999.999  9.999 0.01900   0.01700 1.653 1.382        -0.00154     CSP       0        0
SN2008cc 0.789 0.017 0.010387 0.010122  14.174  0.053  14.090  0.038  14.761  0.079  14.109  0.011  14.150  0.027  14.671  0.056  14.486  0.021  14.216  0.047  14.481  0.026 0.11400   0.02200 2.218 0.634        -0.00827     CSP       0        0
SN2008cd 1.012 0.080 0.007407 0.008462  18.836  0.113  17.152  0.068 999.999  9.999  17.896  0.064  16.334  0.052  16.011  0.097 999.999  9.999 999.999  9.999 999.999  9.999 1.91100   0.07400 2.136 0.355        -0.01597     CSP       0        0
SN2008cf 1.121 0.036 0.045968 0.046827  17.071  0.051  17.054  0.039  17.269  0.083  17.005  0.030  17.236  0.030  17.939  0.068  18.204  0.075  17.983  0.190  18.088  0.074 0.01400   0.01400 1.549 1.297        -0.00356     CSP       0        0
SN2008ff 1.132 0.010 0.019193 0.018673  15.364  0.014  15.235  0.009  15.738  0.032  15.275  0.011  15.358  0.010  16.011  0.020  16.092  0.019  16.099  0.039  16.275  0.020 0.12000   0.02000 0.999 0.496        -0.00484     CSP       0        0
SN2008fl 0.856 0.019 0.019900 0.019417  15.640  0.052  15.580  0.038  16.105  0.082  15.570  0.030  15.612  0.029  16.063  0.061  15.915  0.031  15.925  0.087  16.089  0.046 0.12900   0.02900 1.977 0.655        -0.01057     CSP       0        0
SN2008fp 1.077 0.007 0.005660 0.006287  13.933  0.005  13.470  0.005  14.621  0.013  13.708  0.004  13.416  0.005  13.687  0.008  13.628  0.055  13.343  0.008  13.598  0.010 0.51800   0.03400 2.244 0.253        -0.00702     CSP       0        0
SN2008fr 1.059 0.024 0.038973 0.037906  16.834  0.054  16.835  0.040  17.233  0.086  16.785  0.032  16.990  0.030  17.645  0.062  17.793  0.058  17.742  0.108  17.818  0.052 0.02600   0.01900 1.492 1.296        -0.00757     CSP       0        0
SN2008fu 0.822 0.022 0.052370 0.051834  17.626  0.073  17.700  0.050  18.037  0.068  17.641  0.045  17.805  0.038  18.346  0.068  18.106  0.091  17.988  0.117  18.252  0.079 0.02200   0.01800 1.808 1.292        -0.00211     CSP       0        0
SN2008fw 1.114 0.023 0.008543 0.009507  14.002  0.049  13.938  0.037  14.251  0.076  13.915  0.027  14.040  0.029  14.635  0.058  14.638  0.025  14.609  0.048  14.727  0.027 0.11400   0.02500 2.258 0.649        -0.00887     CSP       0        0
SN2008gg 1.114 0.027 0.031993 0.031066  16.554  0.051  16.413  0.038  17.195  0.081  16.456  0.029  16.480  0.030  17.158  0.062  17.275  0.032  16.948  0.091  17.394  0.056 0.15200   0.02900 1.288 0.572        -0.00998     CSP       0        0
SN2008gl 0.851 0.004 0.033993 0.032946  16.809  0.004  16.774  0.004  17.358  0.009  16.752  0.004  16.818  0.004  17.385  0.007  17.485  0.019  17.161  0.026  17.408  0.059 0.09000   0.01400 0.273 0.767        -0.00365     CSP       0        0
SN2008go 0.912 0.023 0.062367 0.061313  18.033  0.007  17.993  0.007  18.794  0.020  17.970  0.006  18.033  0.007  18.700  0.014  18.628  0.051 999.999  9.999 999.999  9.999 0.10700   0.01600 0.966 0.748        -0.00451     CSP       0        0
SN2008gp 0.973 0.005 0.033390 0.032823  16.438  0.007  16.443  0.006  16.672  0.013  16.396  0.007  16.572  0.007  17.170  0.009  17.184  0.018  17.090  0.029  17.439  0.061 0.03000   0.01800 1.429 1.257        -0.00794     CSP       0        0
SN2008hj 1.011 0.006 0.037867 0.036722  16.780  0.005  16.780  0.005  17.277  0.010  16.733  0.004  16.868  0.005  17.531  0.007  17.683  0.018  17.560  0.028  17.668  0.066 0.06000   0.01600 0.422 1.047        -0.00723     CSP       0        0
SN2008hu 0.786 0.008 0.049666 0.050526  17.838  0.015  17.824  0.011  18.438  0.038  17.795  0.011  17.886  0.010  18.425  0.015  18.230  0.081  18.323  0.040  18.285  0.103 0.04800   0.02000 1.595 1.202        -0.00803     CSP       0        0
SN2008hv 0.846 0.003 0.012540 0.013580  14.736  0.006  14.766  0.005  15.087  0.010  14.696  0.006  14.849  0.005  15.424  0.007  15.380  0.012  15.254  0.013  15.488  0.015 0.01500   0.01100 1.121 1.356        -0.00566     CSP       0        0
SN2008ia 0.843 0.004 0.021983 0.022540  15.875  0.006  15.912  0.007  16.397  0.012  15.840  0.007  15.956  0.007  16.531  0.010  16.396  0.017  16.290  0.026  16.295  0.026 0.06400   0.02400 2.158 1.136        -0.01118     CSP       0        0
SN2009D  1.186 0.006 0.024990 0.024654  15.759  0.004  15.778  0.004  16.231  0.007  15.683  0.004  15.872  0.004  16.466  0.007  16.567  0.058  16.341  0.021  16.643  0.021 0.03500   0.01700 2.122 1.196        -0.00162     CSP       0        0
SN2009F  0.328 0.008 0.012947 0.012910  16.921  0.016  16.371  0.013  17.832  0.043  16.624  0.015  16.137  0.022  16.383  0.024  16.073  0.075  15.980  0.028  16.096  0.039 0.10100   0.03500 1.577 0.879        -0.01009     CSP       0        0
SN2009I  1.064 0.019 0.026150 0.025431  18.177  0.015  17.538  0.012  19.249  0.052  17.892  0.010  17.254  0.012  17.476  0.018  17.044  0.022  16.749  0.019  16.942  0.042 0.75800   0.01900 2.610 0.121        -0.00170     CSP       0        0
SN2009P  1.093 0.030 0.025087 0.026320  17.018  0.019  16.631  0.015  17.803  0.039  16.813  0.015  16.574  0.017  17.130  0.025  17.133  0.050  16.781  0.066 999.999  9.999 0.42800   0.02200 1.657 0.265        -0.00316     CSP       0        0
SN2009Y  1.189 0.008 0.009347 0.010103  14.008  0.007  13.858  0.008  14.573  0.012  13.919  0.010  13.916  0.010  14.564  0.013  14.605  0.021  14.513  0.031  14.707  0.031 0.14600   0.02600 1.286 0.529        -0.00685     CSP       0        0
SN2009aa 0.906 0.004 0.027290 0.028481  16.320  0.006  16.301  0.006  16.605  0.009  16.267  0.006  16.366  0.006  16.886  0.009  16.816  0.015  16.781  0.014  16.963  0.020 0.08500   0.01400 1.955 0.689        -0.00581     CSP       0        0
SN2009ab 0.874 0.005 0.011163 0.010862  14.708  0.006  14.663  0.006  15.009  0.013  14.648  0.006  14.706  0.006  15.184  0.010  15.014  0.021  14.955  0.021  15.193  0.023 0.12100   0.02500 2.162 0.633        -0.00924     CSP       0        0
SN2009ad 1.015 0.006 0.028380 0.028317  16.191  0.006  16.161  0.006  16.327  0.010  16.139  0.006  16.264  0.007  16.831  0.009  16.850  0.016  16.711  0.018  17.069  0.043 0.08300   0.01800 2.044 0.639        -0.00556     CSP       0        0
SN2009ag 0.961 0.007 0.008633 0.009248  14.597  0.010  14.435  0.009  15.373  0.019  14.492  0.010  14.398  0.010  14.847  0.016  14.684  0.018  14.600  0.017  14.790  0.016 0.28600   0.03900 2.040 0.498        -0.01530     CSP       0        0
SN2009al 1.174 0.041 0.022090 0.023276  16.158  0.064  16.021  0.047  16.441  0.116  16.031  0.044  16.116  0.046  16.424  0.079  16.403  0.045  16.220  0.044  16.557  0.045 0.20600   0.03100 2.679 0.577        -0.01075     CSP       0        0
SN2009cz 1.189 0.012 0.021123 0.021979  15.712  0.008  15.688  0.007  16.140  0.020  15.637  0.009  15.757  0.008  16.323  0.014  16.368  0.031  16.158  0.054  16.495  0.046 0.07200   0.01800 2.429 0.941        -0.00464     CSP       0        0
SN2009ds 1.125 0.020 0.019247 0.020466  15.496  0.008  15.394  0.009  15.939  0.014  15.419  0.009  15.438  0.012  16.034  0.019  16.340  0.077  15.928  0.032  16.275  0.047 0.15100   0.01800 1.460 0.453        -0.00384     CSP       0        0
SN2009le 1.156 0.021 0.017773 0.017027  15.364  0.005  15.231  0.006  15.835  0.010  15.274  0.006  15.271  0.007  15.871  0.011 999.999  9.999  16.204  0.034 999.999  9.999 0.17000   0.01700 0.531 0.599        -0.00227     CSP       0        0
SN1981B  0.921 0.006 0.006027 0.007169  11.962  0.006  11.886  0.007  12.579  0.010 999.999  9.999 999.999  9.999 999.999  9.999 999.999  9.999  12.357  0.105  12.485  0.047 0.14700   0.02300 1.670 0.515        -0.00647     T82+E81 N4536    N4536
SN1990N  1.122 0.009 0.003000 0.004068  12.745  0.007  12.677  0.007  13.080  0.014 999.999  9.999  12.738  0.007  13.295  0.010 999.999  9.999 999.999  9.999 999.999  9.999 0.12800   0.01600 2.273 0.730        -0.00211     L1991   N4639    N4639
SN1994ae 1.046 0.007 0.004000 0.005120  13.140  0.006  13.073  0.008 999.999  9.999 999.999  9.999  13.019  0.007  13.691  0.009 999.999  9.999 999.999  9.999 999.999  9.999 0.18700   0.01800 1.662 0.707        -0.00416     CfA     N3370    N3370
SN1995al 1.126 0.016 0.005000 0.005876  13.364  0.009  13.213  0.008 999.999  9.999 999.999  9.999  13.286  0.010  13.855  0.009 999.999  9.999 999.999  9.999 999.999  9.999 0.18200   0.01700 1.956 0.704        -0.00312     CfA     N3021    N3021
SN1998aq 0.949 0.005 0.003697 0.004262  12.352  0.008  12.433  0.006  12.434  0.008 999.999  9.999  12.476  0.006  13.093  0.008 999.999  9.999 999.999  9.999 999.999  9.999 0.02500   0.01200 1.971 1.276        -0.00080     CfA     N3982    N3982
SN1998bu 0.959 0.004 0.002483 0.003681  12.073  0.006  11.702  0.004  12.570  0.015 999.999  9.999  11.658  0.008  12.051  0.008 999.999  9.999  11.555  0.025  11.757  0.019 0.41600   0.01700 2.509 0.187        -0.00230     CfA     N3368        0
SN2001el 0.952 0.006 0.003896 0.003676  12.818  0.009  12.653  0.006  13.577  0.018 999.999  9.999  12.542  0.009  13.100  0.011 999.999  9.999  12.774  0.027  12.908  0.027 0.29100   0.01600 2.241 0.268        -0.00292     K03         0    N1448
SN2002fk 0.979 0.005 0.007120 0.006614  13.193  0.005  13.269  0.006 999.999  9.999 999.999  9.999  13.367  0.007  13.885  0.007 999.999  9.999  13.810  0.012  14.050  0.011 0.03000   0.01100 2.637 1.236        -0.00237     S12+C14 N1309    N1309
SN2003du 1.006 0.004 0.006384 0.006652  13.478  0.004  13.534  0.004 999.999  9.999 999.999  9.999  13.620  0.004  14.233  0.006 999.999  9.999  14.213  0.033  14.523  0.026 0.02500   0.01300 1.001 1.311        -0.00633     CfA         0    U9391
SN2005cf 0.970 0.006 0.006461 0.007045  13.280  0.008  13.210  0.007 999.999  9.999 999.999  9.999  13.332  0.007  14.020  0.008 999.999  9.999  13.695  0.018  13.937  0.017 0.09300   0.01900 2.277 0.646        -0.00621     CfA         0    N5917
SN2009ig   1.108 0.016 0.008800 0.008040  13.449  0.010  13.370  0.008  13.797  0.087 999.999  9.999  13.518  0.010  14.170  0.011 999.999  9.999  14.026  0.137  14.329  0.106 0.08600   0.01600 1.874 0.685        -0.00272     CfA       0    N1015
SN2011by 0.956 0.004 0.002843 0.003405  12.884  0.008  12.836  0.006 999.999  9.999 999.999  9.999  12.851  0.006  13.414  0.008 999.999  9.999  13.272  0.028  13.490  0.021 0.13900   0.01400 1.798 0.414        -0.00307     CfA       0    N3972
SN2011fe 0.946 0.003 0.000803 0.001207   9.999  0.006   9.968  0.003 999.999  9.999 999.999  9.999   9.995  0.004  10.585  0.006 999.999  9.999  10.460  0.009  10.757  0.007 0.11700   0.01400 0.903 0.440        -0.00312     R12M12    M101 M101
SN2012cg 1.056 0.008 0.001458 0.002580  12.029  0.009  11.929  0.006  12.411  0.015 999.999  9.999  12.004  0.006  12.455  0.008 999.999  9.999  12.318  0.020  12.577  0.021 0.16200   0.01500 2.855 0.433        -0.00431     CfA       0        N4424
SN2012fr 1.116 0.005 0.005500 0.005129  11.936  0.007  11.951  0.004  12.380  0.006  11.906  0.003  12.078  0.004  12.805  0.005  12.899  0.016  12.728  0.014  13.004  0.018 0.03900   0.01400 1.969 1.085        -0.00357     CSP   N1365    N1365
SN2012ht 0.853 0.002 0.003557 0.004685  12.998  0.006  12.995  0.006  13.538  0.007  12.972  0.005  13.112  0.005  13.706  0.007  13.525  0.008  13.432  0.008  13.648  0.010 0.03400   0.01100 2.150 1.064        -0.00409     CSP       0    N3447
SN2013dy 1.099 0.006 0.003889 0.002884  12.750  0.006  12.561  0.005 999.999  9.999 999.999  9.999  12.604  0.006  13.193  0.006  12.912  0.013  12.788  0.020  13.032  0.019 0.24400   0.02800 2.882 0.499        -0.01118     Pan15     0        N7250
SN2015F  0.847 0.004 0.004887 0.005280  12.735  0.007  12.663  0.006  13.212  0.008  12.680  0.007  12.669  0.006  13.167  0.008  12.904  0.035  12.907  0.040  13.074  0.033 0.20300   0.07500 2.297 0.642        -0.00683     CSP       0    N2442
