#     name      zhel      zcmb f    st   +/-   Mmax   +/-    t0  EBVmw eEBVmw  covMs      Host   Source
SN1981B    0.0060270 0.0071693 H 0.921 0.006 12.485 0.047  10.3 0.0157 0.0016  6.450e-05  N4536  T82+E81
SN1981B    0.0060270 0.0071693 J 0.921 0.006 12.357 0.105  10.0 0.0157 0.0016  2.353e-05  N4536  T82+E81
SN1981B    0.0060270 0.0071693 u 0.921 0.006 12.579 0.010  -0.1 0.0157 0.0016 -3.182e-06  N4536  T82+E81
SN1981B    0.0060270 0.0071693 V 0.921 0.006 11.886 0.007  -2.8 0.0157 0.0016  2.318e-05  N4536  T82+E81
SN1981B    0.0060270 0.0071693 B 0.921 0.006 11.962 0.006  -6.4 0.0157 0.0016  2.238e-05  N4536  T82+E81
SN1990N    0.0030000 0.0040676 B 1.122 0.009 12.745 0.007 -11.1 0.0223 0.0022  1.490e-05  N4639  L1991
SN1990N    0.0030000 0.0040676 i 1.122 0.009 13.295 0.010  -8.0 0.0223 0.0022  2.289e-05  N4639  L1991
SN1990N    0.0030000 0.0040676 V 1.122 0.009 12.677 0.007 -12.0 0.0223 0.0022  2.595e-05  N4639  L1991
SN1990N    0.0030000 0.0040676 u 1.122 0.009 13.080 0.014  -9.6 0.0223 0.0022 -7.686e-06  N4639  L1991
SN1990N    0.0030000 0.0040676 r 1.122 0.009 12.738 0.007 -13.2 0.0223 0.0022  3.809e-05  N4639  L1991
SN1994ae   0.0040000 0.0051205 B 1.046 0.007 13.140 0.006 -12.2 0.0262 0.0026  2.600e-05  NN3370 CfA
SN1994ae   0.0040000 0.0051205 i 1.046 0.007 13.691 0.009  -9.0 0.0262 0.0026  2.340e-05  NN3370 CfA
SN1994ae   0.0040000 0.0051205 V 1.046 0.007 13.073 0.008 -13.2 0.0262 0.0026  3.075e-05  NN3370 CfA
SN1994ae   0.0040000 0.0051205 r 1.046 0.007 13.019 0.007 -14.1 0.0262 0.0026  2.838e-05  NN3370 CfA
SN1995al   0.0050000 0.0058765 B 1.126 0.016 13.364 0.009  -4.0 0.0117 0.0012 -1.336e-05  N3021  CfA
SN1995al   0.0050000 0.0058765 i 1.126 0.016 13.855 0.009  -0.9 0.0117 0.0012  4.830e-05  N3021  CfA
SN1995al   0.0050000 0.0058765 V 1.126 0.016 13.213 0.008  -4.9 0.0117 0.0012  2.967e-05  N3021  CfA
SN1995al   0.0050000 0.0058765 r 1.126 0.016 13.286 0.010  -6.2 0.0117 0.0012  9.679e-05  N3021  CfA
SN1998aq   0.0036970 0.0042623 B 0.949 0.005 12.352 0.008 -10.3 0.0122 0.0012  1.620e-05  N3982  CfA
SN1998aq   0.0036970 0.0042623 i 0.949 0.005 13.093 0.008  -7.2 0.0122 0.0012  1.037e-05  N3982  CfA
SN1998aq   0.0036970 0.0042623 V 0.949 0.005 12.433 0.006 -11.6 0.0122 0.0012  1.392e-05  N3982  CfA
SN1998aq   0.0036970 0.0042623 u 0.949 0.005 12.434 0.008  -9.0 0.0122 0.0012  7.049e-06  N3982  CfA
SN1998aq   0.0036970 0.0042623 r 0.949 0.005 12.476 0.006 -11.8 0.0122 0.0012  9.770e-06  N3982  CfA
SN2001el   0.0038960 0.0036761 r 0.952 0.006 12.542 0.009 -12.4 0.0121 0.0012  2.074e-05  N1448  K03
SN2001el   0.0038960 0.0036761 H 0.952 0.006 12.908 0.027  -6.7 0.0121 0.0012  4.253e-05  N1448  K03
SN2001el   0.0038960 0.0036761 i 0.952 0.006 13.100 0.011  -7.8 0.0121 0.0012  2.238e-05  N1448  K03
SN2001el   0.0038960 0.0036761 J 0.952 0.006 12.774 0.027  -7.0 0.0121 0.0012  2.867e-05  N1448  K03
SN2001el   0.0038960 0.0036761 u 0.952 0.006 13.577 0.018  -2.7 0.0121 0.0012  3.739e-05  N1448  K03
SN2001el   0.0038960 0.0036761 V 0.952 0.006 12.653 0.006 -12.2 0.0121 0.0012  1.364e-05  N1448  K03
SN2001el   0.0038960 0.0036761 B 0.952 0.006 12.818 0.009 -10.9 0.0121 0.0012  3.064e-05  N1448  K03
SN2002fk   0.0071200 0.0066137 H 0.979 0.005 14.050 0.011  -8.3 0.0344 0.0034  3.192e-06  N1309  S12+C14
SN2002fk   0.0071200 0.0066137 r 0.979 0.005 13.367 0.007 -13.8 0.0344 0.0034  7.910e-06  N1309  S12+C14
SN2002fk   0.0071200 0.0066137 K 0.979 0.005 13.803 0.037 -10.0 0.0344 0.0034  2.363e-05  N1309  S12+C14
SN2002fk   0.0071200 0.0066137 i 0.979 0.005 13.885 0.007  -9.1 0.0344 0.0034  9.683e-06  N1309  S12+C14
SN2002fk   0.0071200 0.0066137 J 0.979 0.005 13.810 0.012  -8.6 0.0344 0.0034  1.303e-05  N1309  S12+C14
SN2002fk   0.0071200 0.0066137 V 0.979 0.005 13.269 0.006 -13.4 0.0344 0.0034  9.614e-06  N1309  S12+C14
SN2002fk   0.0071200 0.0066137 B 0.979 0.005 13.193 0.005 -12.2 0.0344 0.0034  1.089e-05  N1309  S12+C14
SN2003du   0.0063844 0.0066521 K 1.006 0.004 14.325 0.064  -8.1 0.0081 0.0008  1.261e-05  U9391  CfA
SN2003du   0.0063844 0.0066521 r 1.006 0.004 13.620 0.004 -12.6 0.0081 0.0008  7.966e-06  U9391  CfA
SN2003du   0.0063844 0.0066521 i 1.006 0.004 14.233 0.006  -7.6 0.0081 0.0008  5.392e-06  U9391  CfA
SN2003du   0.0063844 0.0066521 V 1.006 0.004 13.534 0.004  -8.9 0.0081 0.0008  9.631e-06  U9391  CfA
SN2003du   0.0063844 0.0066521 B 1.006 0.004 13.478 0.004  -8.9 0.0081 0.0008  9.431e-06  U9391  CfA
SN2003du   0.0063844 0.0066521 H 1.006 0.004 14.523 0.026  -6.6 0.0081 0.0008  6.157e-06  U9391  CfA
SN2003du   0.0063844 0.0066521 V 1.006 0.004 13.534 0.004 -11.9 0.0081 0.0008  9.631e-06  U9391  CfA
SN2003du   0.0063844 0.0066521 B 1.006 0.004 13.478 0.004 -10.9 0.0081 0.0008  9.431e-06  U9391  CfA
SN2003du   0.0063844 0.0066521 J 1.006 0.004 14.213 0.033  -6.8 0.0081 0.0008  1.458e-05  U9391  CfA
SN2005cf   0.0064611 0.0070450 J 0.970 0.006 13.695 0.018  -7.7 0.0968 0.0097  2.631e-05  N5917  CfA
SN2005cf   0.0064611 0.0070450 V 0.970 0.006 13.210 0.007 -13.9 0.0968 0.0097  2.231e-05  N5917  CfA
SN2005cf   0.0064611 0.0070450 B 0.970 0.006 13.280 0.008 -12.6 0.0968 0.0097  3.291e-05  N5917  CfA
SN2005cf   0.0064611 0.0070450 H 0.970 0.006 13.937 0.017  -7.4 0.0968 0.0097  2.608e-05  N5917  CfA
SN2005cf   0.0064611 0.0070450 i 0.970 0.006 14.020 0.008  -9.5 0.0968 0.0097  1.566e-05  N5917  CfA
SN2005cf   0.0064611 0.0070450 r 0.970 0.006 13.332 0.007 -14.2 0.0968 0.0097  1.467e-05  N5917  CfA
SN2007af   0.0054600 0.0062900 B 0.926 0.003 13.160 0.004  -8.8 0.0338 0.0034  5.086e-06  N5584  CSP
SN2007af   0.0054600 0.0062900 g 0.926 0.003 13.076 0.005  -9.1 0.0338 0.0034  4.762e-06  N5584  CSP
SN2007af   0.0054600 0.0062900 i 0.926 0.003 13.627 0.007  -5.8 0.0338 0.0034  4.268e-06  N5584  CSP
SN2007af   0.0054600 0.0062900 H 0.926 0.003 13.615 0.009  -7.6 0.0338 0.0034  3.806e-06  N5584  CSP
SN2007af   0.0054600 0.0062900 K 0.926 0.003 13.498 0.046  -2.4 0.0338 0.0034  1.100e-06  N5584  CSP
SN2007af   0.0054600 0.0062900 J 0.926 0.003 13.438 0.008  -8.0 0.0338 0.0034  2.410e-06  N5584  CSP
SN2007af   0.0054600 0.0062900 r 0.926 0.003 13.099 0.005 -10.3 0.0338 0.0034  3.551e-06  N5584  CSP
SN2007af   0.0054600 0.0062900 u 0.926 0.003 13.712 0.007  -7.5 0.0338 0.0034  3.060e-06  N5584  CSP
SN2007af   0.0054600 0.0062900 V 0.926 0.003 13.054 0.005 -10.2 0.0338 0.0034  4.528e-06  N5584  CSP
SN2007af   0.0054600 0.0062900 Y 0.926 0.003 13.528 0.008  -7.3 0.0338 0.0034  5.292e-06  N5584  CSP
SN2007sr   0.0054733 0.0066557 B 0.989 0.017 12.752 0.046   7.0 0.0398 0.0040  1.465e-06  N4038  CSP
SN2007sr   0.0054733 0.0066557 g 0.989 0.017 12.655 0.025   6.8 0.0398 0.0040 -1.956e-07  N4038  CSP
SN2007sr   0.0054733 0.0066557 i 0.989 0.017 13.259 0.056  10.1 0.0398 0.0040  1.967e-06  N4038  CSP
SN2007sr   0.0054733 0.0066557 H 0.989 0.017 13.405 0.030  10.3 0.0398 0.0040  1.139e-05  N4038  CSP
SN2007sr   0.0054733 0.0066557 J 0.989 0.017 13.087 0.069  10.0 0.0398 0.0040 -7.249e-06  N4038  CSP
SN2007sr   0.0054733 0.0066557 r 0.989 0.017 12.651 0.025   5.3 0.0398 0.0040  2.217e-06  N4038  CSP
SN2007sr   0.0054733 0.0066557 u 0.989 0.017 13.367 0.070   8.2 0.0398 0.0040  1.408e-06  N4038  CSP
SN2007sr   0.0054733 0.0066557 V 0.989 0.017 12.593 0.035   5.8 0.0398 0.0040 -7.877e-07  N4038  CSP
SN2007sr   0.0054733 0.0066557 Y 0.989 0.017 13.299 0.053  10.7 0.0398 0.0040  1.458e-05  N4038  CSP
SN2009ig   0.0088000 0.0080401 J 1.108 0.016 14.026 0.137  43.6 0.0269 0.0027  1.384e-05  N1015  CfA
SN2009ig   0.0088000 0.0080401 V 1.108 0.016 13.370 0.008  -2.8 0.0269 0.0027  4.324e-05  N1015  CfA
SN2009ig   0.0088000 0.0080401 B 1.108 0.016 13.449 0.010  -1.9 0.0269 0.0027  1.536e-05  N1015  CfA
SN2009ig   0.0088000 0.0080401 H 1.108 0.016 14.329 0.106  43.3 0.0269 0.0027 -1.364e-04  N1015  CfA
SN2009ig   0.0088000 0.0080401 i 1.108 0.016 14.170 0.011   1.2 0.0269 0.0027  4.779e-05  N1015  CfA
SN2009ig   0.0088000 0.0080401 u 1.108 0.016 13.797 0.087  10.5 0.0269 0.0027 -1.635e-04  N1015  CfA
SN2009ig   0.0088000 0.0080401 r 1.108 0.016 13.518 0.010  -3.0 0.0269 0.0027  1.078e-04  N1015  CfA
SN2011by   0.0028430 0.0034050 B 0.956 0.004 12.884 0.008 -12.8 0.0119 0.0012  1.743e-05  N3972  CfA
SN2011by   0.0028430 0.0034050 H 0.956 0.004 13.490 0.021  -7.6 0.0119 0.0012  9.664e-06  N3972  CfA
SN2011by   0.0028430 0.0034050 V 0.956 0.004 12.836 0.006 -14.1 0.0119 0.0012  1.484e-05  N3972  CfA
SN2011by   0.0028430 0.0034050 K 0.956 0.004 13.575 0.116  -9.4 0.0119 0.0012  7.317e-07  N3972  CfA
SN2011by   0.0028430 0.0034050 J 0.956 0.004 13.272 0.028  -7.9 0.0119 0.0012  1.160e-05  N3972  CfA
SN2011by   0.0028430 0.0034050 r 0.956 0.004 12.851 0.006 -14.4 0.0119 0.0012  1.196e-05  N3972  CfA
SN2011by   0.0028430 0.0034050 i 0.956 0.004 13.414 0.008  -9.7 0.0119 0.0012  1.244e-05  N3972  CfA
SN2011fe   0.0008030 0.0012072 r 0.946 0.003  9.995 0.004 -17.1 0.0077 0.0008  4.139e-06  M101   R12M12
SN2011fe   0.0008030 0.0012072 i 0.946 0.003 10.585 0.006 -12.5 0.0077 0.0008  3.948e-06  M101   R12M12
SN2011fe   0.0008030 0.0012072 K 0.946 0.003 10.645 0.026 -12.6 0.0077 0.0008  3.156e-06  M101   R12M12
SN2011fe   0.0008030 0.0012072 J 0.946 0.003 10.460 0.009 -11.1 0.0077 0.0008  5.707e-06  M101   R12M12
SN2011fe   0.0008030 0.0012072 H 0.946 0.003 10.757 0.007 -10.8 0.0077 0.0008  8.873e-06  M101   R12M12
SN2011fe   0.0008030 0.0012072 V 0.946 0.003  9.968 0.003 -16.9 0.0077 0.0008  2.608e-06  M101   R12M12
SN2011fe   0.0008030 0.0012072 B 0.946 0.003  9.999 0.006 -15.6 0.0077 0.0008  4.932e-06  M101   R12M12
SN2012cg   0.0014580 0.0025798 B 1.056 0.008 12.029 0.009 -17.6 0.0179 0.0018  2.669e-05  N4424  CfA
SN2012cg   0.0014580 0.0025798 i 1.056 0.008 12.455 0.008 -13.4 0.0179 0.0018  1.707e-05  N4424  CfA
SN2012cg   0.0014580 0.0025798 V 1.056 0.008 11.929 0.006 -18.5 0.0179 0.0018  2.308e-05  N4424  CfA
SN2012cg   0.0014580 0.0025798 r 1.056 0.008 12.004 0.006 -18.5 0.0179 0.0018  2.549e-05  N4424  CfA
SN2012cg   0.0014580 0.0025798 V 1.056 0.008 11.929 0.006 -17.5 0.0179 0.0018  2.308e-05  N4424  CfA
SN2012cg   0.0014580 0.0025798 u 1.056 0.008 12.411 0.015 -13.3 0.0179 0.0018  4.012e-05  N4424  CfA
SN2012cg   0.0014580 0.0025798 H 1.056 0.008 12.577 0.021 -10.4 0.0179 0.0018  9.911e-06  N4424  CfA
SN2012cg   0.0014580 0.0025798 B 1.056 0.008 12.029 0.009 -16.6 0.0179 0.0018  2.669e-05  N4424  CfA
SN2012cg   0.0014580 0.0025798 J 1.056 0.008 12.318 0.020 -10.4 0.0179 0.0018  2.118e-05  N4424  CfA
SN2012fr   0.0050000 0.0046757 B 1.122 0.005 11.958 0.004 -12.9 0.0177 0.0018  5.915e-06  N1365  CSP
SN2012fr   0.0050000 0.0046757 g 1.122 0.005 11.910 0.004 -12.9 0.0177 0.0018  3.464e-06  N1365  CSP
SN2012fr   0.0050000 0.0046757 i 1.122 0.005 12.811 0.006  -9.8 0.0177 0.0018  3.155e-06  N1365  CSP
SN2012fr   0.0050000 0.0046757 H 1.122 0.005 13.024 0.020  -6.4 0.0177 0.0018  3.785e-07  N1365  CSP
SN2012fr   0.0050000 0.0046757 J 1.122 0.005 12.206 0.016  -6.0 0.0177 0.0018  1.524e-05  N1365  CSP
SN2012fr   0.0050000 0.0046757 r 1.122 0.005 12.077 0.005 -15.1 0.0177 0.0018  1.083e-05  N1365  CSP
SN2012fr   0.0050000 0.0046757 u 1.122 0.005 12.383 0.005 -11.4 0.0177 0.0018  5.237e-06  N1365  CSP
SN2012fr   0.0050000 0.0046757 V 1.122 0.005 11.956 0.004 -13.9 0.0177 0.0018  5.843e-06  N1365  CSP
SN2012fr   0.0050000 0.0046757 Y 1.122 0.005 12.785 0.025  -4.3 0.0177 0.0018  1.827e-06  N1365  CSP
SN2012ht   0.0035567 0.0046846 B 0.853 0.002 12.998 0.006 -13.2 0.0252 0.0025  5.782e-06  N3447  CSP
SN2012ht   0.0035567 0.0046846 g 0.853 0.002 12.972 0.005 -13.5 0.0252 0.0025  5.270e-06  N3447  CSP
SN2012ht   0.0035567 0.0046846 i 0.853 0.002 13.706 0.007 -10.4 0.0252 0.0025  3.365e-06  N3447  CSP
SN2012ht   0.0035567 0.0046846 H 0.853 0.002 13.648 0.010  -7.2 0.0252 0.0025  4.687e-06  N3447  CSP
SN2012ht   0.0035567 0.0046846 r 0.853 0.002 13.112 0.005 -14.5 0.0252 0.0025  3.000e-06  N3447  CSP
SN2012ht   0.0035567 0.0046846 u 0.853 0.002 13.538 0.007 -11.7 0.0252 0.0025  2.598e-06  N3447  CSP
SN2012ht   0.0035567 0.0046846 V 0.853 0.002 12.995 0.006 -14.5 0.0252 0.0025  3.922e-06  N3447  CSP
SN2012ht   0.0035567 0.0046846 Y 0.853 0.002 13.525 0.008  -7.1 0.0252 0.0025  1.448e-06  N3447  CSP
SN2012ht   0.0035567 0.0046846 J 0.853 0.002 13.432 0.008  -7.5 0.0252 0.0025  2.416e-06  N3447  CSP
SN2013dy   0.0038890 0.0028843 B 1.099 0.006 12.750 0.006 -16.7 0.1320 0.0132  1.298e-05  N7250  Pan15
SN2013dy   0.0038890 0.0028843 H 1.099 0.006 13.032 0.019  -5.5 0.1320 0.0132  3.122e-07  N7250  Pan15
SN2013dy   0.0038890 0.0028843 V 1.099 0.006 12.561 0.005 -17.6 0.1320 0.0132  1.418e-05  N7250  Pan15
SN2013dy   0.0038890 0.0028843 J 1.099 0.006 12.788 0.020  -5.3 0.1320 0.0132 -4.928e-07  N7250  Pan15
SN2013dy   0.0038890 0.0028843 r 1.099 0.006 12.604 0.006 -18.8 0.1320 0.0132  2.368e-05  N7250  Pan15
SN2013dy   0.0038890 0.0028843 Y 1.099 0.006 12.912 0.013  -5.1 0.1320 0.0132  6.830e-06  N7250  Pan15
SN2013dy   0.0038890 0.0028843 i 1.099 0.006 13.193 0.006 -13.5 0.1320 0.0132  1.187e-05  N7250  Pan15
SN2015F    0.0048867 0.0052804 J 0.846 0.004 12.881 0.040 -10.9 0.1749 0.0175  1.271e-05  N2442  CSP
SN2015F    0.0048867 0.0052804 g 0.846 0.004 12.680 0.007 -14.9 0.1749 0.0175  1.172e-05  N2442  CSP
SN2015F    0.0048867 0.0052804 i 0.846 0.004 13.167 0.008 -11.8 0.1749 0.0175  6.040e-06  N2442  CSP
SN2015F    0.0048867 0.0052804 H 0.846 0.004 13.003 0.033 -10.6 0.1749 0.0175  1.863e-05  N2442  CSP
SN2015F    0.0048867 0.0052804 r 0.846 0.004 12.668 0.006 -15.9 0.1749 0.0175  5.258e-06  N2442  CSP
SN2015F    0.0048867 0.0052804 u 0.846 0.004 13.213 0.008 -13.0 0.1749 0.0175  4.300e-06  N2442  CSP
SN2015F    0.0048867 0.0052804 V 0.846 0.004 12.662 0.006 -15.9 0.1749 0.0175  6.509e-06  N2442  CSP
SN2015F    0.0048867 0.0052804 Y 0.846 0.004 12.843 0.035 -10.6 0.1749 0.0175  1.968e-05  N2442  CSP
SN2015F    0.0048867 0.0052804 B 0.846 0.004 12.735 0.007 -14.6 0.1749 0.0175  1.328e-05  N2442  CSP
